+57.02
+57.02
+28.03
+57.02
+15.99
+.98
+21.98
-15.99
+21.98
+21.98
+15.99
+57.02
+57.02
+28.03
+15.99
+14.02
+57.02
+14.02
+15.99
+57.02
+15.99
+15.99
+57.02
+15.99
+21.98
-17.03
+57.02
+57.02
+15.99
+21.98
+14.02
-17.03
+.98
+57.02
+57.02
+57.02
+57.02
+15.99
+57.02
+57.02
+.98
+28.03
+15.99
+57.02
+57.02
+21.98
+57.02
+15.99
+15.99
-15.99
+42.01
+42.01
+42.01
+15.99
-17.03
+15.99
+42.01
+42.01
+15.99
+57.02
+21.98
+21.98
+37.95
+15.99
+15.99
+28.03
+57.02
-17.03
+21.98
+21.98
+28.03
+57.02
+37.95
+57.02
+14.02
-17.03
+57.02
+57.02
+15.99
+57.02
+57.02
+57.02
+57.02
+57.02
+57.02
+15.99
+57.02
+57.02
+21.98
+71.04
+57.02
+57.02
+15.99
+3.99
+57.02
+15.99
+57.02
+57.02
+15.99
+15.99
+30.01
+15.99
+57.02
-18.01
-17.03
+57.02
+15.99
+15.99
+21.98
+57.02
+57.02
+57.02
+14.02
+57.02
+57.02
+72.02
+58.01
+15.99
+15.99
+43.01
+15.99
+37.95
+37.95
+.98
+15.99
+15.99
+15.99
+55.92
+57.02
+15.99
+15.99
+.98
+15.99
+42.01
+.98
+15.99
-18.01
del Q
sub I
-18.01
+21.98
+15.99
+15.99
+43.01
+27.99
+15.99
sub Q
+14.02
+37.95
+37.95
+15.99
+27.99
sub G
+27.99
+57.02
+57.02
+21.98
+21.98
sub K
+37.95
sub S
+42.01
+43.01
sub D
+14.02
+57.02
sub D
+37.96
+71.04
+57.02
+57.02
+37.96
sub A
+57.02
+57.02
+15.99
+43.99
+.98
sub S
+21.98
+27.99
+.98
-18.01
-18.01
+15.99
+43.99
+14.02
sub S
+15.99
+.98
+87.03
+.98
+28.03
+42.01
+.98
+21.98
+57.02
+15.99
+57.02
sub S
+57.02
+57.02
+57.02
+57.02
+57.02
+57.02
+37.95
+21.97
+14.02
+15.99
+15.99
+57.02
+27.99
+.98
+42.01
+42.01
+15.99
+15.99
+42.01
+42.01
+15.99
+57.02
+57.02
+114.04
+57.02
+31.99
+.98
+57.02
+15.99
+.98
sub A
-18.01
+.98
+.98
+57.02
+15.99
+15.99
+15.99
+27.99
+15.99
+28.03
sub Y
+31.99
+15.99
+15.99
+15.01
+15.99
+27.99
+57.02
+.98
+57.02
sub S
sub N
+15.99
+57.02
+15.99
+57.02
+57.02
+.98
+14.02
sub T
+42.01
+15.99
+57.02
+28.03
sub E
+15.99
+.98
+14.02
sub A
sub A
+14.02
+14.02
+15.99
+14.02
+28.03
-17.03
+57.02
sub F
+42.01
+.98
+.98
+57.02
+15.99
+57.02
sub E
+15.99
+.98
+27.99
+27.99
-17.03
+.98
+57.02
+57.02
sub A
+71.04
+.98
+15.99
+58.01
-48.00
+21.98
+42.01
sub T
+15.99
+14.02
+15.99
+43.01
sub A
sub S
+.98
+57.02
sub K
sub A
+15.99
+57.02
+27.99
+27.99
-48.00
+15.99
sub I
+.98
+57.02
+57.02
sub A
sub A
+.98
+15.99
+15.99
+42.01
+57.02
sub A
+15.99
+37.95
+15.99
sub S
sub T
+31.99
+71.04
+15.99
sub V
sub N
-17.03
+57.02
-.98
+57.02
sub S
sub T
sub L
+57.02
sub A
+17.03
+.98
sub S
+15.99
+57.02
+57.02
+.98
+57.02
+17.03
sub S
sub T
sub V
sub M
+15.00
-18.01
sub S
+14.02
+.98
+14.02
sub I
sub V
+27.99
sub A
+15.99
+15.99
sub I
sub I
-15.99
+15.99
+57.02
+15.99
sub V
sub A
-.98
+27.99
+15.99
sub S
sub I
+.98
sub S
sub I
+57.02
+15.99
+57.02
+57.02
+57.02
sub S
sub M
+57.02
+.98
sub E
sub F
+.98
+14.02
-17.03
sub Q
sub N
+.98
+15.99
+31.99
sub K
+15.99
+14.02
+37.96
+37.95
sub N
+.98
+53.92
+57.02
+.98
sub Q
+15.99
+.98
+57.02
sub A
sub N
+57.02
sub S
sub D
+.98
+.98
+57.02
+57.02
+.98
-18.01
+79.97
sub M
+15.99
+14.02
+37.95
-15.99
-15.01
+.98
sub M
+.98
+14.02
-17.03
sub S
sub T
sub A
+43.01
-15.01
+41.03
+15.99
sub G
+27.99
+87.03
+27.99
sub I
sub Q
+.98
+15.99
+15.99
sub Q
+57.02
+.98
+79.97
+29.02
sub V
+28.03
sub E
+15.99
+15.99
+43.01
+.98
+28.03
+15.99
+15.99
+15.99
+15.99
+57.02
-15.99
sub A
+15.99
+57.02
+15.99
+14.02
+57.02
+.98
+21.98
+.98
+57.02
+57.02
+14.02
sub S
-15.99
+21.98
+43.01
+57.02
+57.02
+57.02
+57.02
+15.99
+57.02
+15.99
+15.99
+37.95
+57.02
+57.02
+15.01
+15.99
+57.02
+57.02
+14.02
+.98
-.98
+57.02
sub L
+15.99
+15.99
+57.02
+57.02
+57.02
+57.02
+57.02
+15.99
+15.99
+15.99
+15.99
+15.99
+.98
+57.02
sub G
-.98
+114.04
+27.99
+15.99
+57.02
+57.02
+15.99
+119.04
sub A
+27.99
sub S
del N
+15.99
sub V
+27.99
sub G
sub E
+15.99
sub V
+57.02
+71.04
+15.99
sub S
+15.99
+15.99
+15.99
+21.98
sub K
sub T
sub V
+27.99
+15.99
+57.02
+27.05
+43.01
+14.02
sub K
+15.99
+329.05
+15.99
+57.02
sub Q
+.98
+282.05
+57.02
sub S
+15.99
+79.96
sub T
