+21.98
+57.02
+57.02
+28.03
+28.03
+.98
+.98
+.98
+57.02
+57.02
+57.02
+14.02
+28.03
+57.02
+15.99
+57.02
+57.02
+21.98
+.98
+37.95
+.98
+57.02
+57.02
+15.99
+15.99
+57.02
+57.02
+57.02
+57.02
+55.92
+.98
+57.02
+21.98
+57.02
+.98
+.98
+15.99
+21.98
+.98
+21.98
+57.02
+57.02
+15.99
+57.02
+14.02
+15.99
+57.02
-18.01
+57.02
+57.02
+.98
+28.03
+.98
+21.98
-17.03
+37.95
sub I
+15.99
+57.02
+.98
+42.01
+.98
+57.02
+21.98
+21.98
+28.03
+57.02
+57.02
+21.98
+57.02
+57.02
+57.02
+57.02
+37.95
+37.95
-17.03
+57.02
+28.03
+15.99
+21.98
+57.02
+15.99
+15.99
+.98
+57.02
+57.02
+57.02
+60.00
+14.02
-17.03
+.98
+53.92
+.98
+57.02
+57.02
-18.01
+57.02
+71.04
+57.02
+.98
+37.95
+15.99
+31.99
+57.02
-18.01
+15.99
+.98
+37.95
+15.99
+.98
+.98
+57.02
+57.02
+15.99
+57.02
+57.02
-15.99
+.98
+28.03
+27.99
+27.99
+57.02
sub Q
+.98
+57.02
+15.99
+.98
+.98
+57.02
+57.02
+57.02
+15.99
+15.99
+15.99
sub N
+.98
+15.99
sub A
sub G
+.98
+27.99
+27.99
+57.02
+57.02
+57.02
+57.02
+.98
sub K
-48.00
+.98
+57.02
+57.02
+57.02
+21.98
+57.02
+15.99
+42.01
+15.99
+57.02
+15.99
+42.01
sub V
+57.02
+15.99
sub D
+57.02
+57.02
sub P
-17.03
-15.99
+57.02
+15.99
+28.03
+.98
+27.99
+.98
+15.99
-.98
+.98
+57.02
+57.02
+43.99
+14.02
+43.01
+27.99
+71.04
+43.01
+.98
sub N
+14.02
+57.02
+71.04
+57.02
-.98
+58.01
sub I
sub Q
-15.99
+15.99
sub N
sub E
+57.02
+15.99
+57.02
+57.02
+.98
+.98
+28.03
+71.04
+28.03
+21.98
+21.97
+57.02
sub K
+42.01
+42.01
+44.01
sub I
+42.01
+15.99
+.98
+57.02
+.98
+57.02
-15.01
+55.92
sub T
-15.01
+15.99
+57.02
sub N
+57.02
+57.02
+57.02
-1.03
+225.09
+.98
+14.02
sub N
-.98
-15.99
+15.99
sub N
sub A
sub L
+15.99
sub N
+.98
+15.99
sub Q
-48.00
-18.01
+14.02
+15.99
sub E
+.98
+15.99
+.98
sub V
sub D
+.98
sub T
+.98
-15.99
sub K
+57.02
+57.02
+.98
+57.02
-15.99
sub A
sub K
+57.02
+57.02
+.98
-17.03
+.98
+.98
sub G
+53.92
+28.03
+57.02
+57.02
+57.02
+57.02
+15.99
+15.99
-17.03
+57.02
+162.05
+42.01
+57.02
sub V
+17.99
sub G
+42.01
+42.01
+14.02
+27.99
+57.02
+15.99
+.98
+15.99
+15.99
+57.02
+57.02
-18.01
-18.01
-18.01
+15.99
-15.99
+57.02
+57.02
+27.99
+21.98
-48.00
+15.99
sub Q
+57.02
-18.01
+43.01
+15.99
+.98
+15.99
sub S
sub V
sub A
+57.02
sub T
sub Q
+15.99
-48.00
+21.98
+57.02
+15.99
+42.01
+.98
+57.02
+57.02
+15.99
sub P
sub S
+79.97
-.98
+42.01
+57.02
+15.99
+15.99
+42.01
+15.99
+14.02
+57.02
+57.02
+27.99
+15.99
+15.99
+.98
+21.98
+57.02
+57.02
+15.99
+114.04
+15.99
+57.02
sub T
+57.02
-18.01
+.98
+57.02
+57.02
+15.99
+57.02
+57.02
sub T
+42.02
-15.99
+57.02
+57.02
sub I
+15.99
+57.02
+28.03
+57.02
+57.02
+.98
+42.01
+57.02
+57.02
+79.97
+57.02
+57.02
+.98
+.98
+57.02
+57.02
+57.02
sub M
+.98
+15.99
+.98
+57.02
