+57.02
+57.02
+28.03
+21.98
+.98
+57.02
+57.02
+28.03
+28.03
+57.02
+57.02
+15.99
+37.96
+21.98
+43.01
-18.01
-18.01
+57.02
+57.02
+57.02
+28.03
+57.02
+15.99
+15.99
+.98
+.98
+.98
del A
-18.01
+37.96
+14.02
+57.02
+37.95
+.98
+15.99
+15.99
-18.01
+57.02
+57.02
+14.02
+.98
sub R
sub A
+.98
sub Q
+21.98
+28.03
+15.99
-17.03
+.98
+14.02
+57.02
-17.03
+57.02
+43.99
+15.99
+57.02
+57.02
+27.05
+42.01
-15.01
-15.01
+15.99
+.98
+.98
+28.03
+37.96
+15.99
+37.96
+15.99
+57.02
sub R
sub Q
+21.98
+28.03
-17.03
+57.02
+172.05
+57.02
+172.05
+15.99
+15.99
+15.99
+15.99
+15.99
+15.99
+15.99
sub V
