Query_1	tr|Q7V360|Q7V360_PROMP	86.667	30	4	0	74790	74819	180	209	9.00e-08	56.2
Query_1	tr|Q7V360|Q7V360_PROMP	62.857	35	12	1	69992	70026	187	220	0.007	41.2
Query_1	tr|Q7V360|Q7V360_PROMP	46.000	50	26	1	56097	56145	29	78	0.36	35.8
Query_1	tr|Q7V360|Q7V360_PROMP	57.143	28	11	1	71761	71787	182	209	3.3	32.7
Query_1	sp|Q7V354|GATC_PROMP	47.727	88	25	4	31701	31785	16	85	3.58e-07	50.4
Query_1	sp|Q7V354|GATC_PROMP	60.000	30	12	0	29543	29572	7	36	0.033	36.6
Query_1	sp|Q7V354|GATC_PROMP	83.333	18	3	0	20636	20653	68	85	0.13	34.7
Query_1	sp|Q7V354|GATC_PROMP	82.353	17	3	0	42353	42369	69	85	0.51	33.1
Query_1	tr|Q7TUD5|Q7TUD5_PROMP	50.980	51	21	1	42456	42506	38	84	1.41e-06	52.0
Query_1	sp|Q7TU44|CH602_PROMP	50.000	68	19	1	64554	64606	9	76	2.86e-06	52.8
Query_1	sp|Q7TU44|CH602_PROMP	50.909	55	10	1	37794	37831	20	74	1.67e-05	50.4
Query_1	sp|Q7TU44|CH602_PROMP	92.000	25	2	0	48132	48156	79	103	1.58e-04	47.4
Query_1	sp|Q7TU44|CH602_PROMP	37.113	97	47	4	43029	43122	36	121	2.77e-04	46.6
Query_1	sp|Q7TU44|CH602_PROMP	35.714	112	59	4	69163	69261	20	131	2.96e-04	46.2
Query_1	sp|Q7TU44|CH602_PROMP	27.670	206	108	10	58496	58678	151	338	7.24e-04	45.1
Query_1	sp|Q7TU44|CH602_PROMP	84.000	25	4	0	51958	51982	76	100	7.62e-04	45.1
Query_1	sp|Q7TU44|CH602_PROMP	52.778	36	17	0	73308	73343	50	85	0.003	43.1
Query_1	sp|Q7TU44|CH602_PROMP	50.000	46	17	1	47103	47148	57	96	0.003	43.1
Query_1	sp|Q7TU44|CH602_PROMP	60.000	30	12	0	31646	31675	55	84	0.004	42.7
Query_1	sp|Q7TU44|CH602_PROMP	45.833	48	19	1	61787	61834	55	95	0.008	41.6
Query_1	sp|Q7TU44|CH602_PROMP	68.000	25	8	0	33535	33559	50	74	0.009	41.6
Query_1	sp|Q7TU44|CH602_PROMP	46.377	69	33	2	16574	16638	252	320	0.010	41.6
Query_1	sp|Q7TU44|CH602_PROMP	72.000	25	7	0	59509	59533	56	80	0.012	41.2
Query_1	sp|Q7TU44|CH602_PROMP	31.250	80	44	1	38690	38758	55	134	0.013	41.2
Query_1	sp|Q7TU44|CH602_PROMP	51.515	33	16	0	54902	54934	47	79	0.017	40.4
Query_1	sp|Q7TU44|CH602_PROMP	47.273	55	28	1	53075	53128	46	100	0.017	40.4
Query_1	sp|Q7TU44|CH602_PROMP	75.000	24	6	0	30068	30091	57	80	0.019	40.4
Query_1	sp|Q7TU44|CH602_PROMP	24.444	225	108	8	60363	60580	57	226	0.023	40.0
Query_1	sp|Q7TU44|CH602_PROMP	35.135	74	27	1	71484	71557	22	74	0.032	39.7
Query_1	sp|Q7TU44|CH602_PROMP	44.000	50	28	0	30774	30823	33	82	0.033	39.7
Query_1	sp|Q7TU44|CH602_PROMP	41.176	51	21	1	49795	49845	40	81	0.038	39.3
Query_1	sp|Q7TU44|CH602_PROMP	72.727	22	6	0	41812	41833	57	78	0.044	39.3
Query_1	sp|Q7TU44|CH602_PROMP	80.000	20	4	0	41331	41350	56	75	0.047	39.3
Query_1	sp|Q7TU44|CH602_PROMP	84.211	19	3	0	27877	27895	57	75	0.054	38.9
Query_1	sp|Q7TU44|CH602_PROMP	84.211	19	3	0	35337	35355	57	75	0.054	38.9
Query_1	sp|Q7TU44|CH602_PROMP	80.000	20	4	0	15518	15537	56	75	0.056	38.9
Query_1	sp|Q7TU44|CH602_PROMP	44.444	63	27	3	48868	48928	414	470	0.060	38.9
Query_1	sp|Q7TU44|CH602_PROMP	38.710	62	24	1	2545	2606	223	270	0.062	38.9
Query_1	sp|Q7TU44|CH602_PROMP	66.667	24	8	0	40815	40838	52	75	0.071	38.5
Query_1	sp|Q7TU44|CH602_PROMP	64.000	25	9	0	43418	43442	51	75	0.073	38.5
Query_1	sp|Q7TU44|CH602_PROMP	34.314	102	21	4	57238	57339	20	75	0.074	38.5
Query_1	sp|Q7TU44|CH602_PROMP	65.385	26	9	0	31193	31218	49	74	0.077	38.5
Query_1	sp|Q7TU44|CH602_PROMP	84.211	19	3	0	36261	36279	56	74	0.081	38.5
Query_1	sp|Q7TU44|CH602_PROMP	51.282	39	16	1	30867	30902	55	93	0.082	38.5
Query_1	sp|Q7TU44|CH602_PROMP	42.222	45	24	1	23406	23450	38	80	0.093	38.1
Query_1	sp|Q7TU44|CH602_PROMP	65.217	23	8	0	19937	19959	52	74	0.093	38.1
Query_1	sp|Q7TU44|CH602_PROMP	21.071	280	163	9	27197	27459	165	403	0.098	38.1
Query_1	sp|Q7TU44|CH602_PROMP	78.947	19	4	0	29954	29972	57	75	0.11	38.1
Query_1	sp|Q7TU44|CH602_PROMP	78.947	19	4	0	35868	35886	57	75	0.11	38.1
Query_1	sp|Q7TU44|CH602_PROMP	75.000	20	5	0	56660	56679	55	74	0.12	37.7
Query_1	sp|Q7TU44|CH602_PROMP	63.636	22	8	0	76303	76324	53	74	0.14	37.7
Query_1	sp|Q7TU44|CH602_PROMP	78.947	19	4	0	33525	33543	57	75	0.15	37.4
Query_1	sp|Q7TU44|CH602_PROMP	78.947	19	4	0	38988	39006	57	75	0.15	37.4
Query_1	sp|Q7TU44|CH602_PROMP	78.947	19	4	0	47065	47083	57	75	0.15	37.4
Query_1	sp|Q7TU44|CH602_PROMP	78.947	19	4	0	64356	64374	57	75	0.15	37.4
Query_1	sp|Q7TU44|CH602_PROMP	90.909	22	1	1	54336	54356	79	100	0.15	37.4
Query_1	sp|Q7TU44|CH602_PROMP	66.667	24	8	0	41166	41189	57	80	0.17	37.4
Query_1	sp|Q7TU44|CH602_PROMP	78.947	19	4	0	19975	19993	57	75	0.17	37.4
Query_1	sp|Q7TU44|CH602_PROMP	27.692	130	86	4	27454	27583	137	258	0.17	37.4
Query_1	sp|Q7TU44|CH602_PROMP	75.000	20	5	0	43746	43765	55	74	0.20	37.0
Query_1	sp|Q7TU44|CH602_PROMP	69.565	23	7	0	17163	17185	52	74	0.20	37.0
Query_1	sp|Q7TU44|CH602_PROMP	75.000	20	5	0	38959	38978	55	74	0.23	37.0
Query_1	sp|Q7TU44|CH602_PROMP	61.538	26	10	0	33783	33808	55	80	0.23	37.0
Query_1	sp|Q7TU44|CH602_PROMP	83.333	18	3	0	17274	17291	57	74	0.25	37.0
Query_1	sp|Q7TU44|CH602_PROMP	83.333	18	3	0	29524	29541	57	74	0.25	37.0
Query_1	sp|Q7TU44|CH602_PROMP	83.333	18	3	0	31175	31192	57	74	0.25	37.0
Query_1	sp|Q7TU44|CH602_PROMP	83.333	18	3	0	37275	37292	57	74	0.25	37.0
Query_1	sp|Q7TU44|CH602_PROMP	83.333	18	3	0	55233	55250	57	74	0.25	37.0
Query_1	sp|Q7TU44|CH602_PROMP	83.333	18	3	0	64443	64460	57	74	0.25	37.0
Query_1	sp|Q7TU44|CH602_PROMP	83.333	18	3	0	64545	64562	57	74	0.25	37.0
Query_1	sp|Q7TU44|CH602_PROMP	42.308	52	22	2	15046	15089	139	190	0.28	36.6
Query_1	sp|Q7TU44|CH602_PROMP	37.500	56	27	1	71273	71328	57	104	0.30	36.6
Query_1	sp|Q7TU44|CH602_PROMP	70.000	20	6	0	34617	34636	55	74	0.34	36.2
Query_1	sp|Q7TU44|CH602_PROMP	55.556	27	12	0	40902	40928	55	81	0.38	36.2
Query_1	sp|Q7TU44|CH602_PROMP	43.333	60	32	1	51804	51863	332	389	0.38	36.2
Query_1	sp|Q7TU44|CH602_PROMP	37.143	70	36	2	30198	30259	5	74	0.39	36.2
Query_1	sp|Q7TU44|CH602_PROMP	70.000	20	6	0	26609	26628	55	74	0.41	36.2
Query_1	sp|Q7TU44|CH602_PROMP	77.778	18	4	0	15106	15123	57	74	0.50	35.8
Query_1	sp|Q7TU44|CH602_PROMP	77.778	18	4	0	16779	16796	57	74	0.50	35.8
Query_1	sp|Q7TU44|CH602_PROMP	77.778	18	4	0	30276	30293	57	74	0.50	35.8
Query_1	sp|Q7TU44|CH602_PROMP	77.778	18	4	0	45199	45216	57	74	0.50	35.8
Query_1	sp|Q7TU44|CH602_PROMP	77.778	18	4	0	48636	48653	57	74	0.50	35.8
Query_1	sp|Q7TU44|CH602_PROMP	55.556	36	9	1	37085	37120	208	236	0.65	35.4
Query_1	sp|Q7TU44|CH602_PROMP	46.939	49	20	3	55164	55212	60	102	0.73	35.4
Query_1	sp|Q7TU44|CH602_PROMP	83.333	18	3	0	41307	41324	307	324	0.96	35.0
Query_1	sp|Q7TU44|CH602_PROMP	31.579	95	54	4	72911	73001	208	295	1.2	34.7
Query_1	sp|Q7TU44|CH602_PROMP	33.654	104	40	4	75814	75894	20	117	1.2	34.7
Query_1	sp|Q7TU44|CH602_PROMP	87.500	16	2	0	33836	33851	209	224	1.4	34.3
Query_1	sp|Q7TU44|CH602_PROMP	75.000	20	5	0	38000	38019	14	33	2.0	33.9
Query_1	sp|Q7TU44|CH602_PROMP	92.857	14	1	0	43930	43943	196	209	2.1	33.9
Query_1	sp|Q7TU44|CH602_PROMP	92.857	14	1	0	64764	64777	196	209	2.1	33.9
Query_1	sp|Q7TU44|CH602_PROMP	93.750	16	1	0	45248	45263	292	307	2.3	33.5
Query_1	sp|Q7TU44|CH602_PROMP	59.259	27	10	1	38998	39023	50	76	4.1	32.7
Query_1	sp|Q7TU44|CH602_PROMP	36.667	60	35	1	43862	43918	207	266	4.5	32.7
Query_1	sp|Q7TU44|CH602_PROMP	87.500	16	2	0	50539	50554	209	224	4.5	32.7
Query_1	sp|Q7TU44|CH602_PROMP	65.000	20	7	0	62094	62113	452	471	4.5	32.7
Query_1	sp|Q7TU44|CH602_PROMP	62.963	27	8	2	47960	47984	49	75	4.7	32.7
Query_1	sp|Q7TU44|CH602_PROMP	60.000	25	9	1	41342	41365	50	74	6.7	32.0
Query_1	sp|Q7TU44|CH602_PROMP	41.176	34	20	0	37013	37046	236	269	6.7	32.0
Query_1	sp|Q7TU44|CH602_PROMP	46.667	45	14	2	672	715	390	425	7.3	32.0
Query_1	sp|Q7TU44|CH602_PROMP	28.455	123	68	4	41551	41659	201	317	7.3	32.0
Query_1	sp|Q7TU44|CH602_PROMP	44.444	45	20	1	45565	45604	21	65	8.8	31.6
Query_1	sp|Q7TU44|CH602_PROMP	31.356	118	54	8	74745	74854	104	202	9.1	31.6
Query_1	sp|Q7TU44|CH602_PROMP	36.842	57	36	0	45908	45964	307	363	9.5	31.6
Query_1	tr|Q93P09|Q93P09_PROMP	84.000	25	4	0	44829	44853	8	32	3.57e-06	52.4
Query_1	tr|Q93P09|Q93P09_PROMP	83.333	24	4	0	41648	41671	9	32	1.16e-05	50.8
Query_1	tr|Q93P09|Q93P09_PROMP	95.000	20	1	0	59179	59198	10	29	4.83e-05	48.9
Query_1	tr|Q93P09|Q93P09_PROMP	86.364	22	3	0	68259	68280	8	29	8.65e-05	47.8
Query_1	tr|Q93P09|Q93P09_PROMP	72.727	22	5	1	54102	54122	127	148	0.038	39.3
Query_1	tr|Q93P09|Q93P09_PROMP	85.714	14	2	0	41545	41558	127	140	2.5	33.5
Query_1	tr|Q93P09|Q93P09_PROMP	62.500	24	7	2	42249	42270	117	140	2.7	33.5
Query_1	tr|Q7V2C9|Q7V2C9_PROMP	86.364	22	3	0	61962	61983	92	113	5.06e-06	47.8
Query_1	tr|Q7V2C9|Q7V2C9_PROMP	81.818	22	4	0	61844	61865	92	113	4.94e-05	45.1
Query_1	tr|Q7V2C9|Q7V2C9_PROMP	70.833	24	7	0	61413	61436	90	113	1.29e-04	43.9
Query_1	tr|Q7V2C9|Q7V2C9_PROMP	77.273	22	5	0	63559	63580	92	113	1.54e-04	43.5
Query_1	tr|Q7V2C9|Q7V2C9_PROMP	77.273	22	5	0	68073	68094	92	113	1.54e-04	43.5
Query_1	tr|Q7V2C9|Q7V2C9_PROMP	77.273	22	5	0	71389	71410	92	113	1.54e-04	43.5
Query_1	tr|Q7V2C9|Q7V2C9_PROMP	77.273	22	5	0	76540	76561	92	113	1.54e-04	43.5
Query_1	sp|Q7V2R0|YIDD_PROMP	45.652	46	25	0	40659	40704	6	51	7.60e-06	46.2
Query_1	sp|O07295|PCBA_PROMP	91.304	23	1	1	74337	74358	1	23	1.13e-05	50.4
Query_1	sp|O07295|PCBA_PROMP	70.370	27	7	1	31113	31138	3	29	1.21e-04	47.0
Query_1	sp|O07295|PCBA_PROMP	83.333	18	3	0	71064	71081	334	351	0.89	34.7
Query_1	sp|Q7V303|NDHK_PROMP	56.522	46	17	1	66319	66364	202	244	1.17e-05	49.3
Query_1	tr|Q7V3E2|Q7V3E2_PROMP	58.140	43	8	1	46825	46857	73	115	1.51e-05	49.3
Query_1	tr|Q7V3E2|Q7V3E2_PROMP	93.750	16	1	0	52801	52816	215	230	0.50	35.0
Query_1	tr|Q7V3E2|Q7V3E2_PROMP	46.000	50	21	1	67564	67613	70	113	7.6	31.6
Query_1	tr|Q7V3B4|Q7V3B4_PROMP	41.538	65	31	2	77101	77165	26	83	1.62e-05	48.9
Query_1	tr|Q7V001|Q7V001_PROMP	35.200	125	68	5	47805	47917	271	394	1.82e-05	50.1
Query_1	tr|Q7V001|Q7V001_PROMP	86.667	15	2	0	54898	54912	311	325	2.2	33.5
Query_1	tr|Q7V1F3|Q7V1F3_PROMP	53.333	45	18	1	40182	40223	280	324	2.20e-05	50.1
Query_1	tr|Q7V362|Q7V362_PROMP	54.717	53	15	2	15159	15211	342	385	3.26e-05	49.7
Query_1	tr|Q7V362|Q7V362_PROMP	91.304	23	2	0	72981	73003	363	385	1.94e-04	47.0
Query_1	tr|Q7V362|Q7V362_PROMP	86.667	15	2	0	28865	28879	595	609	3.9	33.1
Query_1	tr|Q7V362|Q7V362_PROMP	41.667	36	21	0	62793	62828	372	407	7.9	32.0
Query_1	tr|Q7V1V9|Q7V1V9_PROMP	95.652	23	1	0	72981	73003	381	403	3.63e-05	49.3
Query_1	tr|Q7V1V9|Q7V1V9_PROMP	91.304	23	2	0	15189	15211	381	403	1.40e-04	47.4
Query_1	tr|Q7V1V9|Q7V1V9_PROMP	34.483	87	31	5	30888	30959	513	588	0.42	36.2
Query_1	sp|Q7V1H9|ARGC_PROMP	67.647	34	9	1	61107	61138	182	215	4.07e-05	48.5
Query_1	sp|Q7V2M3|CH601_PROMP	67.647	34	11	0	69508	69541	405	438	6.41e-05	48.5
Query_1	sp|Q7V2M3|CH601_PROMP	85.000	20	3	0	68046	68065	325	344	0.20	37.0
Query_1	sp|Q7V2M3|CH601_PROMP	53.659	41	16	2	42531	42569	455	494	0.29	36.6
Query_1	sp|Q7V2M3|CH601_PROMP	73.684	19	5	0	26406	26424	57	75	0.63	35.4
Query_1	sp|Q7V2M3|CH601_PROMP	66.667	24	8	0	56076	56099	95	118	1.7	33.9
Query_1	sp|Q7V2M3|CH601_PROMP	63.636	22	8	0	48132	48153	79	100	4.0	32.7
Query_1	sp|Q7V2M3|CH601_PROMP	47.917	48	19	3	16544	16587	219	264	4.5	32.7
Query_1	sp|Q7V2M3|CH601_PROMP	40.351	57	31	3	53074	53128	45	100	7.9	32.0
Query_1	tr|Q7V3J6|Q7V3J6_PROMP	50.000	54	21	3	48121	48169	47	99	6.67e-05	45.8
Query_1	tr|Q7V3J6|Q7V3J6_PROMP	100.000	16	0	0	62896	62911	83	98	0.011	39.3
Query_1	tr|Q7TUI0|Q7TUI0_PROMP	47.273	55	23	2	52901	52954	283	332	6.98e-05	47.8
Query_1	tr|Q7TUI0|Q7TUI0_PROMP	69.231	26	8	0	13214	13239	236	261	0.013	40.8
Query_1	tr|Q7TUI0|Q7TUI0_PROMP	89.474	19	2	0	10663	10681	237	255	0.019	40.0
Query_1	tr|Q7TUI0|Q7TUI0_PROMP	62.963	27	7	2	77200	77223	313	339	0.034	39.3
Query_1	tr|Q7TUI0|Q7TUI0_PROMP	78.261	23	4	1	48423	48445	219	240	0.39	35.8
Query_1	tr|Q7TUI0|Q7TUI0_PROMP	100.000	13	0	0	53715	53727	133	145	5.9	32.0
Query_1	tr|Q7TUI0|Q7TUI0_PROMP	25.926	81	56	1	17520	17600	210	286	9.2	31.6
Query_1	sp|Q7V365|PSBA_PROMP	86.364	22	3	0	64139	64160	239	260	7.19e-05	47.8
Query_1	sp|Q7V365|PSBA_PROMP	53.125	32	14	1	60117	60147	305	336	0.063	38.5
Query_1	tr|Q7V0C8|Q7V0C8_PROMP	85.714	21	3	0	32290	32310	481	501	9.08e-05	48.1
Query_1	tr|Q7V0C8|Q7V0C8_PROMP	73.913	23	6	0	30995	31017	185	207	0.12	38.1
Query_1	tr|Q7V0C8|Q7V0C8_PROMP	88.889	18	2	0	38423	38440	186	203	0.29	36.6
Query_1	tr|Q7V0C8|Q7V0C8_PROMP	80.000	15	3	0	4093	4107	303	317	7.4	32.0
Query_1	sp|Q7V006|RPOB_PROMP	64.865	37	12	1	42197	42233	196	231	1.53e-04	47.8
Query_1	sp|Q7V006|RPOB_PROMP	30.370	135	70	5	24795	24916	954	1077	0.084	38.5
Query_1	sp|Q7V006|RPOB_PROMP	80.952	21	4	0	18274	18294	895	915	0.57	35.8
Query_1	sp|Q7V006|RPOB_PROMP	65.385	26	7	1	47437	47460	1041	1066	1.2	34.7
Query_1	sp|Q7V006|RPOB_PROMP	100.000	14	0	0	66798	66811	470	483	1.7	34.3
Query_1	sp|Q7V006|RPOB_PROMP	80.000	15	3	0	69147	69161	47	61	9.5	32.0
Query_1	tr|Q7UZF5|Q7UZF5_PROMP	31.852	135	80	5	70170	70298	361	489	1.60e-04	47.4
Query_1	tr|Q7V2N7|Q7V2N7_PROMP	49.206	63	20	4	74813	74867	634	692	1.85e-04	47.4
Query_1	tr|Q7V2N7|Q7V2N7_PROMP	48.387	31	16	0	13076	13106	211	241	4.1	33.1
Query_1	tr|Q7UZK0|Q7UZK0_PROMP	78.571	28	5	1	65387	65414	116	142	2.06e-04	44.7
Query_1	tr|Q7UZK0|Q7UZK0_PROMP	76.000	25	4	1	49773	49795	126	150	0.60	34.3
Query_1	tr|Q7UZS7|Q7UZS7_PROMP	44.186	43	24	0	40552	40594	58	100	2.18e-04	43.9
Query_1	tr|Q7UZS7|Q7UZS7_PROMP	76.471	17	4	0	65422	65438	85	101	0.034	37.4
Query_1	tr|Q7UZS7|Q7UZS7_PROMP	46.154	39	9	2	23444	23470	62	100	0.19	35.4
Query_1	tr|Q7UZS7|Q7UZS7_PROMP	51.515	33	15	1	65020	65052	54	85	0.23	35.0
Query_1	tr|Q7UZS7|Q7UZS7_PROMP	76.190	21	2	1	27692	27712	57	74	1.6	32.3
Query_1	tr|Q7V2Y7|Q7V2Y7_PROMP	84.615	26	4	0	50852	50877	53	78	2.28e-04	46.2
Query_1	tr|Q7V125|Q7V125_PROMP	95.238	21	1	0	28721	28741	186	206	2.29e-04	46.2
Query_1	tr|Q7V125|Q7V125_PROMP	70.833	24	4	1	53397	53417	272	295	0.18	37.0
Query_1	tr|Q7V125|Q7V125_PROMP	68.750	16	5	0	66771	66786	257	272	1.4	34.3
Query_1	tr|Q7V125|Q7V125_PROMP	59.091	22	9	0	54199	54220	354	375	9.8	31.6
Query_1	tr|Q7V1K9|Q7V1K9_PROMP	52.381	42	12	1	65541	65574	88	129	3.43e-04	44.3
Query_1	tr|Q7V1K9|Q7V1K9_PROMP	77.778	18	4	0	38789	38806	106	123	0.22	35.8
Query_1	tr|Q7V1K9|Q7V1K9_PROMP	88.235	17	2	0	65324	65340	61	77	1.2	33.5
Query_1	tr|Q7V1K9|Q7V1K9_PROMP	78.947	19	3	1	55385	55402	88	106	1.3	33.5
Query_1	tr|Q7V1K9|Q7V1K9_PROMP	44.737	38	15	1	62487	62518	90	127	3.6	32.0
Query_1	tr|Q7V1K9|Q7V1K9_PROMP	61.905	21	8	0	62246	62266	98	118	6.4	31.2
Query_1	tr|Q7V1K9|Q7V1K9_PROMP	28.319	113	51	4	64318	64429	64	147	7.9	31.2
Query_1	sp|Q7V2D0|RBL_PROMP	94.444	18	1	0	70146	70163	228	245	6.28e-04	45.1
Query_1	sp|Q7V2D0|RBL_PROMP	56.667	30	10	1	47193	47219	438	467	1.1	34.7
Query_1	sp|Q7V2D0|RBL_PROMP	72.222	18	5	0	75050	75067	438	455	1.3	34.3
Query_1	sp|Q7UZY6|EFG_PROMP	77.778	27	4	1	41691	41715	598	624	8.81e-04	45.1
Query_1	sp|Q7UZY6|EFG_PROMP	41.509	53	26	2	16313	16360	632	684	0.017	40.8
Query_1	sp|Q7UZY6|EFG_PROMP	45.000	40	21	1	77488	77526	412	451	2.0	33.9
Query_1	tr|Q7UZP9|Q7UZP9_PROMP	90.476	21	2	0	69531	69551	392	412	0.001	44.3
Query_1	tr|Q7V2J4|Q7V2J4_PROMP	62.162	37	11	1	58304	58340	146	179	0.001	43.5
Query_1	tr|Q7V2J4|Q7V2J4_PROMP	83.333	24	4	0	66810	66833	159	182	0.002	42.7
Query_1	tr|Q7V2J4|Q7V2J4_PROMP	86.364	22	3	0	57552	57573	158	179	0.005	41.6
Query_1	tr|Q7V2J4|Q7V2J4_PROMP	100.000	19	0	0	56373	56391	159	177	0.013	40.4
Query_1	tr|Q7V2J4|Q7V2J4_PROMP	45.098	51	26	1	45587	45637	133	181	0.11	37.4
Query_1	tr|Q7V2J4|Q7V2J4_PROMP	76.190	21	5	0	65762	65782	141	161	0.13	37.0
Query_1	tr|Q7V2J4|Q7V2J4_PROMP	38.095	63	34	2	19101	19163	138	195	0.30	35.8
Query_1	tr|Q7V2J4|Q7V2J4_PROMP	31.343	134	62	5	21356	21459	58	191	0.56	35.0
Query_1	tr|Q7V2J4|Q7V2J4_PROMP	80.000	20	4	0	60783	60802	159	178	0.92	34.3
Query_1	tr|Q7V2J4|Q7V2J4_PROMP	93.750	16	1	0	52898	52913	163	178	1.0	34.3
Query_1	tr|Q7V2J4|Q7V2J4_PROMP	84.211	19	3	0	58302	58320	159	177	1.3	33.9
Query_1	tr|Q7V2J4|Q7V2J4_PROMP	100.000	15	0	0	49464	49478	163	177	1.6	33.9
Query_1	tr|Q7V2J4|Q7V2J4_PROMP	93.333	15	1	0	27297	27311	177	191	4.5	32.3
Query_1	sp|Q7UZV2|RS3_PROMP	86.957	23	3	0	48692	48714	107	129	0.001	43.1
Query_1	tr|Q7V1N8|Q7V1N8_PROMP	40.426	47	28	0	63666	63712	34	80	0.001	44.3
Query_1	tr|Q7V1N8|Q7V1N8_PROMP	75.000	20	5	0	8990	9009	343	362	0.19	37.4
Query_1	tr|Q7UZN9|Q7UZN9_PROMP	78.261	23	5	0	46835	46857	88	110	0.001	43.1
Query_1	tr|Q7UZN9|Q7UZN9_PROMP	72.414	29	8	0	67585	67613	80	108	0.10	37.4
Query_1	tr|Q7UZN9|Q7UZN9_PROMP	76.471	17	4	0	52800	52816	214	230	6.6	31.6
Query_1	tr|Q7UZN9|Q7UZN9_PROMP	64.706	17	6	0	38094	38110	184	200	9.8	31.2
Query_1	tr|Q7V0J8|Q7V0J8_PROMP	72.000	25	7	0	61667	61691	36	60	0.001	43.9
Query_1	tr|Q7V0J8|Q7V0J8_PROMP	50.000	32	16	0	27928	27959	249	280	0.50	35.4
Query_1	tr|Q7V0J8|Q7V0J8_PROMP	39.474	38	19	1	40173	40206	184	221	1.8	33.9
Query_1	tr|Q7V3R7|Q7V3R7_PROMP	36.471	85	36	3	67029	67110	144	213	0.002	43.5
Query_1	tr|Q7V3R7|Q7V3R7_PROMP	100.000	15	0	0	28974	28988	155	169	1.4	34.3
Query_1	tr|Q7V3R7|Q7V3R7_PROMP	52.500	40	16	1	12249	12285	133	172	5.0	32.3
Query_1	tr|Q7V1A9|Q7V1A9_PROMP	52.500	40	18	1	48992	49031	308	346	0.002	43.9
Query_1	tr|Q7V1A9|Q7V1A9_PROMP	80.000	20	4	0	51492	51511	181	200	0.013	40.8
Query_1	tr|Q7V1A9|Q7V1A9_PROMP	76.471	17	4	0	46066	46082	421	437	0.42	35.8
Query_1	tr|Q7V2Y4|Q7V2Y4_PROMP	28.986	138	61	7	18469	18590	269	385	0.002	43.9
Query_1	tr|Q7V2Y4|Q7V2Y4_PROMP	65.217	23	8	0	17648	17670	349	371	0.013	40.8
Query_1	tr|Q7V2Y4|Q7V2Y4_PROMP	84.211	19	3	0	70655	70673	476	494	0.015	40.8
Query_1	tr|Q7V2Y4|Q7V2Y4_PROMP	84.211	19	3	0	72695	72713	476	494	0.015	40.8
Query_1	tr|Q7V2Y4|Q7V2Y4_PROMP	57.895	38	10	2	70929	70965	305	337	0.23	37.0
Query_1	tr|Q7V2Y4|Q7V2Y4_PROMP	65.385	26	7	1	4935	4960	305	328	0.91	35.0
Query_1	tr|Q7V2Y4|Q7V2Y4_PROMP	100.000	14	0	0	14778	14791	305	318	0.96	34.7
Query_1	tr|Q7V2Y4|Q7V2Y4_PROMP	100.000	14	0	0	45816	45829	305	318	0.96	34.7
Query_1	tr|Q7V2Y4|Q7V2Y4_PROMP	52.000	25	12	0	2790	2814	417	441	7.0	32.0
Query_1	tr|Q7V176|Q7V176_PROMP	86.364	22	3	0	50507	50528	48	69	0.002	42.7
Query_1	tr|Q7V176|Q7V176_PROMP	51.020	49	20	3	15672	15719	59	104	5.6	31.6
Query_1	tr|Q7V176|Q7V176_PROMP	62.500	32	9	2	15688	15719	93	121	7.0	31.6
Query_1	tr|Q7V176|Q7V176_PROMP	62.500	32	9	2	15688	15719	110	138	7.0	31.6
Query_1	tr|Q7V176|Q7V176_PROMP	62.500	32	9	2	15688	15719	144	172	7.0	31.6
Query_1	tr|Q7V0B8|Q7V0B8_PROMP	94.737	19	1	0	48556	48574	135	153	0.002	42.4
Query_1	tr|Q7V0B8|Q7V0B8_PROMP	94.737	19	1	0	58428	58446	135	153	0.002	42.4
Query_1	tr|Q7V0B8|Q7V0B8_PROMP	48.936	47	18	1	72253	72293	140	186	0.016	39.3
Query_1	tr|Q7V0B8|Q7V0B8_PROMP	52.500	40	18	1	43386	43424	114	153	0.028	38.5
Query_1	tr|Q7V0B8|Q7V0B8_PROMP	72.727	22	6	0	69794	69815	132	153	0.39	35.0
Query_1	tr|Q7V0B8|Q7V0B8_PROMP	85.000	20	2	1	48663	48681	114	133	0.70	34.3
Query_1	tr|Q7V0B8|Q7V0B8_PROMP	87.500	16	2	0	77627	77642	139	154	1.3	33.5
Query_1	tr|Q7TU79|Q7TU79_PROMP	85.000	20	3	0	59889	59908	104	123	0.002	41.2
Query_1	tr|Q7V144|Q7V144_PROMP	70.000	30	9	0	14126	14155	59	88	0.002	41.6
Query_1	sp|Q7V3N7|GUAA_PROMP	72.000	25	7	0	34636	34660	115	139	0.002	43.5
Query_1	sp|Q7V3N7|GUAA_PROMP	50.000	46	20	2	77527	77572	360	402	0.21	37.0
Query_1	sp|Q7V3N7|GUAA_PROMP	75.000	16	4	0	6246	6261	205	220	4.2	32.7
Query_1	tr|Q7UZJ8|Q7UZJ8_PROMP	35.577	104	58	4	73154	73255	255	351	0.002	43.1
Query_1	tr|Q7UZJ8|Q7UZJ8_PROMP	73.684	19	5	0	19889	19907	192	210	0.36	36.2
Query_1	tr|Q7UZJ8|Q7UZJ8_PROMP	68.182	22	7	0	24653	24674	191	212	0.41	35.8
Query_1	tr|Q7UZJ8|Q7UZJ8_PROMP	76.471	17	4	0	2084	2100	234	250	1.3	34.3
Query_1	tr|Q7UZJ8|Q7UZJ8_PROMP	100.000	13	0	0	55898	55910	240	252	3.1	33.1
Query_1	tr|Q7UZJ8|Q7UZJ8_PROMP	42.105	38	22	0	19831	19868	178	215	6.2	32.0
Query_1	tr|Q7V0M4|Q7V0M4_PROMP	78.261	23	5	0	62212	62234	146	168	0.002	43.1
Query_1	tr|Q7V0M4|Q7V0M4_PROMP	82.353	17	3	0	68508	68524	126	142	0.043	39.3
Query_1	tr|Q7V1F4|Q7V1F4_PROMP	51.111	45	18	1	71054	71098	3	43	0.003	43.1
Query_1	tr|Q7UZP5|Q7UZP5_PROMP	62.500	32	10	1	59125	59156	209	238	0.003	42.7
Query_1	sp|Q7V3D1|NDHM_PROMP	83.333	18	3	0	52551	52568	14	31	0.003	40.0
Query_1	sp|Q7V3D1|NDHM_PROMP	42.105	38	22	0	72718	72755	1	38	5.1	30.8
Query_1	tr|Q7V052|Q7V052_PROMP	48.889	45	22	1	55542	55586	127	170	0.003	41.2
Query_1	tr|Q7V052|Q7V052_PROMP	87.500	16	2	0	26066	26081	30	45	2.0	32.7
Query_1	sp|Q7V377|ENO_PROMP	46.154	65	34	1	66406	66470	295	358	0.003	42.7
Query_1	sp|Q7V377|ENO_PROMP	36.111	72	45	1	58832	58902	289	360	0.010	41.2
Query_1	sp|Q7V377|ENO_PROMP	54.545	22	10	0	72540	72561	408	429	6.7	32.0
Query_1	sp|Q7V377|ENO_PROMP	53.846	26	12	0	24024	24049	1	26	8.6	31.6
Query_1	tr|Q7V3K3|Q7V3K3_PROMP	47.170	53	17	3	861	908	215	261	0.003	42.0
Query_1	tr|Q7V3K3|Q7V3K3_PROMP	92.308	13	1	0	654	666	248	260	1.4	33.9
Query_1	tr|Q7V3K3|Q7V3K3_PROMP	81.250	16	3	0	12965	12980	120	135	5.1	32.0
Query_1	tr|Q93P10|Q93P10_PROMP	70.833	24	7	0	76715	76738	234	257	0.004	42.4
Query_1	tr|Q93P10|Q93P10_PROMP	89.474	19	2	0	41668	41686	239	257	0.005	42.0
Query_1	tr|Q93P10|Q93P10_PROMP	45.714	35	19	0	30040	30074	295	329	0.17	37.0
Query_1	tr|Q93P10|Q93P10_PROMP	93.333	15	1	0	9350	9364	310	324	0.44	35.8
Query_1	tr|Q93P10|Q93P10_PROMP	75.000	20	3	1	32522	32541	310	327	1.1	34.3
Query_1	tr|Q93P10|Q93P10_PROMP	78.947	19	4	0	8553	8571	305	323	1.3	34.3
Query_1	sp|Q7TU27|RS19_PROMP	77.778	18	4	0	63913	63930	55	72	0.004	38.9
Query_1	sp|Q7TU20|GCSH_PROMP	90.909	22	2	0	40726	40747	102	123	0.004	40.0
Query_1	tr|Q7V1S6|Q7V1S6_PROMP	69.231	26	8	0	75240	75265	58	83	0.005	38.5
Query_1	tr|Q7V1S6|Q7V1S6_PROMP	75.000	16	4	0	33250	33265	66	81	3.4	30.4
Query_1	tr|Q7V0H0|Q7V0H0_PROMP	44.000	50	28	0	72082	72131	292	341	0.005	42.0
Query_1	tr|Q7V0H0|Q7V0H0_PROMP	43.478	46	16	2	39746	39781	218	263	8.6	31.6
Query_1	tr|Q7UZN5|Q7UZN5_PROMP	94.444	18	1	0	48351	48368	19	36	0.005	39.7
Query_1	tr|Q7V370|Q7V370_PROMP	59.375	32	13	0	37351	37382	298	329	0.005	42.0
Query_1	tr|Q7V276|Q7V276_PROMP	88.235	17	2	0	47410	47426	2	18	0.005	41.6
Query_1	tr|Q7V276|Q7V276_PROMP	78.261	23	5	0	60660	60682	158	180	0.049	38.5
Query_1	tr|Q7V276|Q7V276_PROMP	73.684	19	5	0	56635	56653	16	34	0.069	38.1
Query_1	tr|Q7V276|Q7V276_PROMP	94.118	17	1	0	77230	77246	63	79	0.099	37.7
Query_1	tr|Q7V276|Q7V276_PROMP	48.387	31	9	1	63839	63869	37	60	7.6	31.6
Query_1	sp|Q7V1N1|DAPB_PROMP	50.909	55	17	3	60835	60888	35	80	0.005	41.6
Query_1	tr|Q7V3E9|Q7V3E9_PROMP	60.714	28	11	0	30684	30711	21	48	0.006	41.6
Query_1	sp|Q7V0D4|AMPA_PROMP	89.474	19	2	0	43305	43323	160	178	0.006	42.0
Query_1	sp|Q7V0D4|AMPA_PROMP	39.344	61	35	1	70904	70964	213	271	3.2	33.1
Query_1	tr|Q7V1Y5|Q7V1Y5_PROMP	100.000	19	0	0	62549	62567	215	233	0.007	41.2
Query_1	tr|Q7V1Y5|Q7V1Y5_PROMP	57.143	35	13	1	77749	77783	101	133	0.19	37.0
Query_1	tr|Q7V1Y5|Q7V1Y5_PROMP	93.333	15	1	0	50177	50191	163	177	0.51	35.4
Query_1	tr|Q7V1Y5|Q7V1Y5_PROMP	45.946	37	20	0	8194	8230	3	39	9.2	31.6
Query_1	sp|Q7V3Q4|GRPE_PROMP	100.000	19	0	0	55860	55878	5	23	0.007	40.8
Query_1	sp|Q7V3Q4|GRPE_PROMP	66.667	27	9	0	54076	54102	27	53	0.086	37.4
Query_1	sp|Q7V3Q4|GRPE_PROMP	94.118	17	1	0	30537	30553	37	53	0.18	36.6
Query_1	sp|Q7V3Q4|GRPE_PROMP	56.667	30	13	0	26341	26370	37	66	0.38	35.4
Query_1	sp|Q7V3Q4|GRPE_PROMP	72.222	18	5	0	60975	60992	174	191	0.61	35.0
Query_1	sp|Q7V3Q4|GRPE_PROMP	58.333	24	10	0	39538	39561	168	191	0.81	34.7
Query_1	sp|Q7V3Q4|GRPE_PROMP	53.846	26	12	0	44389	44414	174	199	1.0	34.3
Query_1	sp|Q7V2J3|GSA_PROMP	32.727	110	64	4	55071	55176	249	352	0.008	41.6
Query_1	sp|Q7V2J3|GSA_PROMP	31.429	70	39	3	49556	49624	1	62	1.9	33.9
Query_1	sp|Q7V2J3|GSA_PROMP	45.714	35	14	1	42747	42776	53	87	4.8	32.3
Query_1	sp|Q7V2J3|GSA_PROMP	32.323	99	46	5	44670	44765	55	135	4.8	32.3
Query_1	sp|Q7V2J3|GSA_PROMP	40.351	57	27	2	32895	32948	380	432	4.8	32.3
Query_1	tr|B9ER48|B9ER48_PROMP	41.176	51	23	2	2398	2447	5	49	0.008	37.0
Query_1	tr|B9ER48|B9ER48_PROMP	78.571	14	3	0	70386	70399	1	14	1.2	30.8
Query_1	sp|Q7UZH8|SYDND_PROMP	90.000	20	2	0	73034	73053	154	173	0.009	41.6
Query_1	sp|Q7UZH8|SYDND_PROMP	52.273	44	11	4	42403	42436	260	303	0.58	35.8
Query_1	sp|Q7UZH8|SYDND_PROMP	61.905	21	8	0	28073	28093	296	316	2.9	33.5
Query_1	sp|Q7V2A0|DCUP_PROMP	30.894	123	44	7	52342	52433	148	260	0.009	41.2
Query_1	sp|Q7V2A0|DCUP_PROMP	85.714	21	2	1	45068	45087	111	131	4.6	32.3
Query_1	sp|Q7V2A0|DCUP_PROMP	35.088	57	34	2	73686	73740	93	148	5.9	32.0
Query_1	sp|Q7V390|PGK_PROMP	86.364	22	3	0	43122	43143	102	123	0.009	41.2
Query_1	sp|Q7V390|PGK_PROMP	88.235	17	2	0	25218	25234	120	136	0.18	37.0
Query_1	sp|Q7V390|PGK_PROMP	82.353	17	3	0	223	239	121	137	0.28	36.6
Query_1	sp|Q7V390|PGK_PROMP	53.125	32	14	1	40476	40506	163	194	5.3	32.3
Query_1	sp|Q7V390|PGK_PROMP	93.333	15	1	0	17523	17537	377	391	9.7	31.6
Query_1	sp|Q7V364|AROC_PROMP	31.967	122	66	5	61624	61735	146	260	0.010	41.2
Query_1	sp|Q7V364|AROC_PROMP	70.588	17	5	0	26687	26703	144	160	5.1	32.3
Query_1	sp|Q7V2L5|CYF_PROMP	51.163	43	17	2	55356	55398	128	166	0.010	40.8
Query_1	sp|Q7V2L5|CYF_PROMP	33.803	71	37	3	11435	11503	20	82	0.042	38.9
Query_1	sp|Q7V2L5|CYF_PROMP	100.000	13	0	0	4579	4591	35	47	0.095	37.7
Query_1	sp|Q7V2L5|CYF_PROMP	87.500	16	2	0	72382	72397	158	173	0.21	36.6
Query_1	tr|Q7V2G5|Q7V2G5_PROMP	36.667	60	37	1	22214	22272	20	79	0.010	41.2
Query_1	tr|Q7V0H2|Q7V0H2_PROMP	61.290	31	12	0	59840	59870	176	206	0.010	41.2
Query_1	tr|Q7V0H2|Q7V0H2_PROMP	77.273	22	5	0	54143	54164	144	165	0.28	36.6
Query_1	tr|Q7V3I7|Q7V3I7_PROMP	80.952	21	4	0	23523	23543	47	67	0.010	37.4
Query_1	tr|Q7V3I7|Q7V3I7_PROMP	72.727	22	2	1	19905	19922	10	31	1.7	31.2
Query_1	sp|Q7V2D1|CCMK_PROMP	56.250	32	14	0	45852	45883	30	61	0.010	38.1
Query_1	sp|Q7V2D1|CCMK_PROMP	58.065	31	12	1	13097	13126	65	95	0.089	35.4
Query_1	sp|Q7V2D1|CCMK_PROMP	47.222	36	19	0	44387	44422	20	55	0.19	34.7
Query_1	sp|Q7V2D1|CCMK_PROMP	100.000	14	0	0	37482	37495	39	52	0.43	33.5
Query_1	sp|Q7V2D1|CCMK_PROMP	100.000	14	0	0	60539	60552	39	52	0.43	33.5
Query_1	sp|Q7V2D1|CCMK_PROMP	82.353	17	3	0	32497	32513	36	52	0.44	33.5
Query_1	sp|Q7V2D1|CCMK_PROMP	76.471	17	4	0	31846	31862	36	52	1.1	32.3
Query_1	sp|Q7V2D1|CCMK_PROMP	81.250	16	3	0	35836	35851	39	54	1.1	32.3
Query_1	sp|Q7V2D1|CCMK_PROMP	86.667	15	2	0	48019	48033	2	16	1.2	32.3
Query_1	sp|Q7V2D1|CCMK_PROMP	86.667	15	2	0	76346	76360	2	16	1.2	32.3
Query_1	sp|Q7V2D1|CCMK_PROMP	92.857	14	1	0	25010	25023	39	52	1.3	32.0
Query_1	sp|Q7V2D1|CCMK_PROMP	92.857	14	1	0	26135	26148	39	52	1.3	32.0
Query_1	sp|Q7V2D1|CCMK_PROMP	92.857	14	1	0	29606	29619	39	52	1.3	32.0
Query_1	sp|Q7V2D1|CCMK_PROMP	66.667	18	6	0	61818	61835	67	84	6.5	30.0
Query_1	sp|Q7V3M7|GATB_PROMP	32.110	109	62	3	33602	33700	293	399	0.011	41.2
Query_1	tr|Q7V230|Q7V230_PROMP	58.621	29	12	0	20036	20064	362	390	0.011	41.2
Query_1	tr|Q7V230|Q7V230_PROMP	43.396	53	26	1	66150	66198	712	764	0.022	40.4
Query_1	tr|Q7V230|Q7V230_PROMP	75.000	20	5	0	15640	15659	326	345	0.065	38.9
Query_1	tr|Q7V230|Q7V230_PROMP	83.333	18	3	0	58803	58820	482	499	1.8	34.3
Query_1	tr|Q7V230|Q7V230_PROMP	86.667	15	2	0	50273	50287	399	413	4.0	33.1
Query_1	sp|Q7V008|RPOC2_PROMP	80.952	21	4	0	41255	41275	96	116	0.011	41.6
Query_1	sp|Q7V008|RPOC2_PROMP	31.959	97	42	4	50104	50176	875	971	0.043	39.7
Query_1	sp|Q7V008|RPOC2_PROMP	40.678	59	20	3	5534	5590	737	782	0.49	36.2
Query_1	sp|Q7V008|RPOC2_PROMP	77.273	22	5	0	74517	74538	551	572	0.80	35.4
Query_1	sp|Q7V008|RPOC2_PROMP	81.250	16	3	0	22854	22869	737	752	4.3	33.1
Query_1	sp|Q7TUC7|HIS2_PROMP	54.839	31	14	0	38906	38936	112	142	0.011	40.0
Query_1	sp|Q7UZY7|EFTU_PROMP	46.154	39	20	1	23109	23146	242	280	0.012	40.8
Query_1	sp|Q7UZY7|EFTU_PROMP	85.000	20	3	0	40764	40783	261	280	0.090	38.1
Query_1	sp|Q7UZY7|EFTU_PROMP	89.474	19	2	0	35592	35610	264	282	0.16	37.4
Query_1	sp|Q7UZY7|EFTU_PROMP	88.235	17	2	0	12528	12544	264	280	0.59	35.4
Query_1	sp|Q7UZY7|EFTU_PROMP	45.000	40	22	0	16109	16148	122	161	1.1	34.7
Query_1	sp|Q7UZY7|EFTU_PROMP	62.963	27	9	1	37537	37562	111	137	1.7	33.9
Query_1	sp|Q7UZY7|EFTU_PROMP	82.353	17	3	0	47848	47864	264	280	3.8	32.7
Query_1	tr|Q7V3M4|Q7V3M4_PROMP	79.167	24	5	0	71332	71355	159	182	0.012	40.0
Query_1	sp|Q7TUG2|CINAL_PROMP	65.517	29	10	0	39823	39851	185	213	0.012	40.8
Query_1	tr|Q7V1Y2|Q7V1Y2_PROMP	44.681	47	22	1	52903	52949	285	327	0.013	40.8
Query_1	tr|Q7V1Y2|Q7V1Y2_PROMP	59.091	22	9	0	77193	77214	306	327	1.2	34.3
Query_1	tr|Q7V2I2|Q7V2I2_PROMP	88.889	18	2	0	66307	66324	10	27	0.013	39.7
Query_1	sp|Q7V1G6|DXS_PROMP	56.250	32	14	0	73119	73150	580	611	0.013	41.2
Query_1	sp|Q7TUH1|NDHI_PROMP	35.802	81	47	3	60385	60462	121	199	0.014	39.7
Query_1	sp|Q7TUH1|NDHI_PROMP	57.692	26	10	1	68196	68221	173	197	0.054	37.7
Query_1	tr|Q7V0J2|Q7V0J2_PROMP	39.683	63	25	1	246	308	570	619	0.016	40.8
Query_1	tr|Q7V0J2|Q7V0J2_PROMP	77.273	22	5	0	9371	9392	570	591	0.063	38.9
Query_1	tr|Q7V0J2|Q7V0J2_PROMP	51.515	33	15	1	11356	11387	41	73	1.8	33.9
Query_1	tr|Q7V0J2|Q7V0J2_PROMP	66.667	24	7	1	76833	76855	38	61	7.9	32.0
Query_1	tr|Q7V0J2|Q7V0J2_PROMP	66.667	18	6	0	68588	68605	570	587	9.6	31.6
Query_1	tr|Q7V1K0|Q7V1K0_PROMP	64.000	25	9	0	52127	52151	340	364	0.017	40.4
Query_1	tr|Q7V0G5|Q7V0G5_PROMP	70.833	24	7	0	38484	38507	119	142	0.017	38.5
Query_1	tr|Q7V0G5|Q7V0G5_PROMP	78.947	19	4	0	32983	33001	121	139	4.9	31.2
Query_1	tr|Q7V246|Q7V246_PROMP	65.217	23	8	0	17826	17848	181	203	0.017	39.7
Query_1	tr|Q7V246|Q7V246_PROMP	46.512	43	13	2	45829	45871	183	215	0.39	35.4
Query_1	sp|Q7V2Y8|METK_PROMP	60.714	28	11	0	56778	56805	16	43	0.017	40.4
Query_1	tr|Q7V126|Q7V126_PROMP	83.333	18	3	0	61213	61230	36	53	0.019	37.4
Query_1	tr|Q7V126|Q7V126_PROMP	73.684	19	5	0	41098	41116	36	54	0.20	34.7
Query_1	tr|Q7V126|Q7V126_PROMP	92.857	14	1	0	74090	74103	39	52	1.9	31.6
Query_1	tr|Q7V1T5|Q7V1T5_PROMP	36.364	55	33	1	67331	67385	383	435	0.019	40.4
Query_1	tr|Q7V399|Q7V399_PROMP	58.065	31	12	1	70836	70865	70	100	0.019	39.3
Query_1	tr|Q7V115|Q7V115_PROMP	58.333	36	14	1	45904	45939	288	322	0.019	40.0
Query_1	tr|Q7V115|Q7V115_PROMP	34.483	87	45	2	47619	47704	86	161	0.032	39.3
Query_1	tr|Q7V115|Q7V115_PROMP	64.286	28	8	1	26772	26797	295	322	0.20	37.0
Query_1	tr|Q7V115|Q7V115_PROMP	82.353	17	3	0	11654	11670	306	322	1.0	34.7
Query_1	tr|Q7V115|Q7V115_PROMP	42.857	42	24	0	72820	72861	247	288	4.3	32.7
Query_1	tr|A8WI38|A8WI38_PROMP	55.556	27	12	0	10855	10881	31	57	0.020	35.8
Query_1	tr|A8WI38|A8WI38_PROMP	60.000	25	10	0	39683	39707	31	55	1.3	30.8
Query_1	sp|Q7V3M9|SPEA_PROMP	89.474	19	2	0	50652	50670	81	99	0.020	40.4
Query_1	sp|Q7V049|ATPB_PROMP	58.621	29	12	0	54343	54371	3	31	0.024	40.0
Query_1	sp|Q7V049|ATPB_PROMP	56.667	30	13	0	43461	43490	16	45	0.30	36.6
Query_1	tr|Q7UZL0|Q7UZL0_PROMP	71.429	21	6	0	52605	52625	537	557	0.025	40.0
Query_1	tr|Q7V0Q5|Q7V0Q5_PROMP	39.286	56	24	2	3113	3158	86	141	0.026	39.7
Query_1	tr|Q7V1H1|Q7V1H1_PROMP	31.579	76	52	0	24363	24438	546	621	0.028	40.0
Query_1	tr|Q7V1H1|Q7V1H1_PROMP	24.561	114	73	2	48903	49014	362	464	0.032	39.7
Query_1	tr|Q7V1H1|Q7V1H1_PROMP	88.235	17	2	0	49031	49047	448	464	0.049	39.3
Query_1	tr|Q7V1H1|Q7V1H1_PROMP	52.500	40	15	1	38723	38762	466	501	0.31	36.6
Query_1	tr|Q7V1H1|Q7V1H1_PROMP	34.426	61	30	2	24998	25050	493	551	0.59	35.4
Query_1	tr|Q7V1H1|Q7V1H1_PROMP	88.235	17	2	0	52088	52104	160	176	0.60	35.4
Query_1	tr|Q7V1H1|Q7V1H1_PROMP	43.750	48	18	1	35256	35294	87	134	0.83	35.0
Query_1	tr|Q7V1H1|Q7V1H1_PROMP	93.333	15	1	0	36027	36041	549	563	0.84	35.0
Query_1	tr|Q7V1H1|Q7V1H1_PROMP	88.235	17	2	0	44542	44558	87	103	1.1	34.7
Query_1	tr|Q7V1H1|Q7V1H1_PROMP	78.947	19	4	0	22171	22189	583	601	3.2	33.1
Query_1	tr|Q7V1H1|Q7V1H1_PROMP	76.471	17	4	0	25079	25095	422	438	3.5	33.1
Query_1	tr|Q7V1H1|Q7V1H1_PROMP	52.778	36	10	1	30654	30689	259	287	4.5	32.7
Query_1	tr|Q7V1H1|Q7V1H1_PROMP	81.250	16	3	0	39342	39357	19	34	8.6	32.0
Query_1	tr|Q7V1H1|Q7V1H1_PROMP	41.176	51	27	1	33599	33649	583	630	9.5	31.6
Query_1	sp|Q7V381|RL11_PROMP	65.217	23	8	0	3198	3220	107	129	0.029	37.7
Query_1	sp|Q7V381|RL11_PROMP	45.714	35	19	0	1511	1545	92	126	0.52	33.9
Query_1	tr|Q7TUH8|Q7TUH8_PROMP	82.353	17	3	0	29218	29234	45	61	0.029	37.7
Query_1	sp|Q7UZU8|RL4_PROMP	50.000	36	17	1	40636	40671	176	210	0.030	38.5
Query_1	sp|Q7UZU8|RL4_PROMP	40.000	70	27	2	13011	13080	101	155	0.061	37.7
Query_1	sp|Q7UZU8|RL4_PROMP	37.143	70	35	1	18899	18959	124	193	0.13	36.6
Query_1	sp|Q7UZU8|RL4_PROMP	75.000	20	5	0	33669	33688	121	140	0.59	34.7
Query_1	sp|Q7UZU8|RL4_PROMP	68.421	19	6	0	66498	66516	118	136	9.8	30.8
Query_1	tr|Q7V1S0|Q7V1S0_PROMP	86.667	15	2	0	40796	40810	192	206	0.030	39.3
Query_1	tr|Q7V1S0|Q7V1S0_PROMP	70.588	17	5	0	74729	74745	190	206	0.084	37.7
Query_1	tr|Q7V1S0|Q7V1S0_PROMP	28.571	70	41	3	41060	41129	181	241	2.0	33.5
Query_1	tr|Q7V0T2|Q7V0T2_PROMP	88.889	18	2	0	74236	74253	68	85	0.031	38.1
Query_1	tr|Q7V0T2|Q7V0T2_PROMP	58.621	29	9	1	3420	3448	113	138	3.1	32.3
Query_1	tr|Q7V2X2|Q7V2X2_PROMP	62.963	27	10	0	60259	60285	77	103	0.031	38.9
Query_1	tr|Q7V2X2|Q7V2X2_PROMP	78.947	19	4	0	73782	73800	184	202	2.6	33.1
Query_1	tr|Q7V0V0|Q7V0V0_PROMP	70.833	24	7	0	65922	65945	235	258	0.031	39.3
Query_1	tr|Q7TUC3|Q7TUC3_PROMP	57.143	35	15	0	22685	22719	360	394	0.033	39.7
Query_1	tr|Q7TUC3|Q7TUC3_PROMP	57.576	33	14	0	25581	25613	357	389	0.037	39.3
Query_1	tr|Q7TUC3|Q7TUC3_PROMP	89.474	19	2	0	3850	3868	371	389	0.084	38.1
Query_1	tr|Q7TUC3|Q7TUC3_PROMP	39.583	48	21	1	58702	58749	126	165	0.12	37.7
Query_1	tr|Q7TUC3|Q7TUC3_PROMP	73.077	26	6	1	71517	71542	367	391	0.21	37.0
Query_1	tr|Q7TUC3|Q7TUC3_PROMP	77.778	18	4	0	14499	14516	125	142	0.82	35.0
Query_1	tr|Q7TUC3|Q7TUC3_PROMP	45.238	42	10	1	37246	37287	358	386	1.1	34.7
Query_1	tr|Q7TUC3|Q7TUC3_PROMP	43.590	39	17	1	32000	32038	361	394	2.0	33.9
Query_1	tr|Q7TUC3|Q7TUC3_PROMP	92.857	14	1	0	10237	10250	129	142	5.1	32.3
Query_1	tr|Q7TUC3|Q7TUC3_PROMP	55.172	29	11	1	27790	27818	129	155	5.7	32.3
Query_1	tr|Q7V228|Q7V228_PROMP	34.091	88	35	2	48892	48974	105	174	0.033	39.7
Query_1	tr|Q7UZN6|Q7UZN6_PROMP	61.538	26	10	0	62721	62746	3	28	0.034	39.3
Query_1	tr|Q7UZN6|Q7UZN6_PROMP	43.750	64	27	2	77853	77909	218	279	0.037	39.3
Query_1	tr|Q7UZN6|Q7UZN6_PROMP	46.341	41	13	1	1126	1157	161	201	0.39	35.8
Query_1	tr|Q7UZN6|Q7UZN6_PROMP	38.636	44	27	0	71740	71783	219	262	0.49	35.4
Query_1	tr|Q7UZN6|Q7UZN6_PROMP	61.538	26	10	0	59612	59637	175	200	0.89	34.7
Query_1	tr|Q7UZN6|Q7UZN6_PROMP	81.250	16	3	0	13560	13575	181	196	3.3	32.7
Query_1	tr|Q7UZN6|Q7UZN6_PROMP	85.714	14	2	0	13471	13484	271	284	6.2	32.0
Query_1	sp|Q7V3N0|SYA_PROMP	35.821	67	32	1	35738	35804	820	875	0.034	39.7
Query_1	sp|Q7V3N0|SYA_PROMP	51.515	33	7	1	22702	22725	325	357	9.0	32.0
Query_1	tr|Q7TU82|Q7TU82_PROMP	80.000	20	4	0	20271	20290	227	246	0.037	39.3
Query_1	tr|Q7TU82|Q7TU82_PROMP	93.750	16	1	0	23803	23818	254	269	1.9	33.9
Query_1	tr|Q7TU82|Q7TU82_PROMP	93.750	16	1	0	24453	24468	254	269	1.9	33.9
Query_1	sp|Q7V3E6|KTHY_PROMP	94.118	17	1	0	43035	43051	86	102	0.037	38.5
Query_1	sp|Q7V1D0|GATA_PROMP	66.667	24	8	0	64659	64682	444	467	0.040	39.3
Query_1	sp|Q7V003|RPIA_PROMP	66.667	30	7	1	44178	44204	200	229	0.040	38.5
Query_1	tr|Q7V270|Q7V270_PROMP	93.750	16	1	0	67500	67515	114	129	0.041	38.9
Query_1	tr|Q7V380|Q7V380_PROMP	80.000	20	4	0	63978	63997	93	112	0.042	38.1
Query_1	tr|Q7V0E5|Q7V0E5_PROMP	75.000	20	5	0	21541	21560	34	53	0.042	36.2
Query_1	tr|Q7V0E5|Q7V0E5_PROMP	83.333	18	3	0	47034	47051	1	18	1.6	31.6
Query_1	tr|Q7V0E5|Q7V0E5_PROMP	56.000	25	4	1	48085	48102	41	65	3.3	30.8
Query_1	tr|Q7V1U7|Q7V1U7_PROMP	83.333	18	3	0	22527	22544	418	435	0.046	39.3
Query_1	tr|Q7V1U7|Q7V1U7_PROMP	42.000	50	27	1	43166	43215	412	459	0.37	36.2
Query_1	sp|Q7TU43|CH10_PROMP	60.606	33	11	2	6683	6715	66	96	0.046	36.2
Query_1	sp|Q7TU43|CH10_PROMP	69.565	23	7	0	13166	13188	74	96	0.058	35.8
Query_1	sp|Q7TU43|CH10_PROMP	80.000	20	3	1	3987	4006	81	99	0.28	33.9
Query_1	sp|Q7TU43|CH10_PROMP	60.000	30	5	1	54236	54265	43	65	0.60	33.1
Query_1	sp|Q7TU43|CH10_PROMP	77.778	18	4	0	64025	64042	40	57	0.67	32.7
Query_1	sp|Q7TU43|CH10_PROMP	93.333	15	1	0	75939	75953	27	41	0.82	32.7
Query_1	sp|Q7TU43|CH10_PROMP	45.652	46	21	1	1840	1885	55	96	0.86	32.7
Query_1	sp|Q7TU43|CH10_PROMP	77.778	18	4	0	36381	36398	38	55	1.3	32.0
Query_1	sp|Q7TU43|CH10_PROMP	87.500	16	2	0	1249	1264	84	99	2.0	31.6
Query_1	sp|Q7TU43|CH10_PROMP	76.190	21	5	0	57609	57629	79	99	2.3	31.2
Query_1	sp|Q7TU43|CH10_PROMP	50.000	34	14	2	39820	39850	63	96	2.7	31.2
Query_1	sp|Q7TU43|CH10_PROMP	86.667	15	2	0	1011	1025	84	98	3.0	31.2
Query_1	sp|Q7TU43|CH10_PROMP	92.857	14	1	0	3653	3666	83	96	3.6	30.8
Query_1	sp|Q7TU43|CH10_PROMP	92.857	14	1	0	43404	43417	28	41	4.1	30.8
Query_1	sp|Q7TU43|CH10_PROMP	88.235	17	2	0	1220	1236	84	100	4.4	30.4
Query_1	sp|Q7TU43|CH10_PROMP	86.667	15	2	0	1790	1804	84	98	4.5	30.4
Query_1	sp|Q7TU43|CH10_PROMP	68.182	22	6	1	28542	28563	21	41	5.0	30.4
Query_1	sp|Q7TU43|CH10_PROMP	92.857	14	1	0	201	214	83	96	5.0	30.4
Query_1	sp|Q7TU43|CH10_PROMP	92.857	14	1	0	475	488	83	96	5.0	30.4
Query_1	sp|Q7TU43|CH10_PROMP	92.857	14	1	0	764	777	83	96	5.0	30.4
Query_1	sp|Q7TU43|CH10_PROMP	43.396	53	21	3	59422	59474	27	70	5.1	30.4
Query_1	sp|Q7TU43|CH10_PROMP	92.857	14	1	0	2340	2353	84	97	5.4	30.4
Query_1	sp|Q7TU43|CH10_PROMP	76.471	17	4	0	42161	42177	83	99	5.8	30.4
Query_1	sp|Q7TU43|CH10_PROMP	75.000	16	4	0	66375	66390	28	43	6.7	30.0
Query_1	sp|Q7TU43|CH10_PROMP	86.667	15	2	0	14580	14594	84	98	7.2	30.0
Query_1	sp|Q7TU43|CH10_PROMP	80.000	15	3	0	10834	10848	28	42	7.4	30.0
Query_1	sp|Q7TU43|CH10_PROMP	100.000	13	0	0	529	541	84	96	8.3	29.6
Query_1	sp|Q7TU43|CH10_PROMP	100.000	13	0	0	945	957	84	96	8.3	29.6
Query_1	sp|Q7TU43|CH10_PROMP	100.000	13	0	0	1422	1434	84	96	8.3	29.6
Query_1	sp|Q7TU43|CH10_PROMP	100.000	13	0	0	6515	6527	84	96	8.3	29.6
Query_1	sp|Q7TU43|CH10_PROMP	100.000	13	0	0	53508	53520	84	96	8.3	29.6
Query_1	tr|Q7UZY3|Q7UZY3_PROMP	43.478	46	23	2	57726	57769	828	872	0.049	39.3
Query_1	sp|Q7V2K1|RL19_PROMP	61.290	31	11	1	33761	33790	25	55	0.050	37.4
Query_1	sp|Q7V2K1|RL19_PROMP	46.512	43	22	1	30002	30043	35	77	0.29	35.0
Query_1	tr|Q7V0J1|Q7V0J1_PROMP	61.765	34	5	1	27598	27623	104	137	0.051	37.4
Query_1	tr|Q7V0J1|Q7V0J1_PROMP	64.000	25	9	0	10553	10577	51	75	0.24	35.4
Query_1	tr|Q7V0J1|Q7V0J1_PROMP	81.250	16	3	0	20615	20630	53	68	1.00	33.5
Query_1	tr|Q7V0J1|Q7V0J1_PROMP	73.684	19	5	0	28946	28964	120	138	1.9	32.7
Query_1	tr|Q7V0J1|Q7V0J1_PROMP	80.000	15	3	0	52335	52349	54	68	6.3	31.2
Query_1	sp|Q7V384|RL7_PROMP	41.429	70	34	1	9712	9774	61	130	0.052	36.6
Query_1	sp|Q7V384|RL7_PROMP	94.118	17	1	0	20216	20232	60	76	0.30	34.7
Query_1	sp|Q7V384|RL7_PROMP	93.750	16	1	0	21749	21764	61	76	1.4	32.7
Query_1	sp|Q7V384|RL7_PROMP	82.353	17	3	0	20454	20470	61	77	1.8	32.3
Query_1	sp|Q7V384|RL7_PROMP	82.353	17	3	0	28044	28060	61	77	6.1	30.8
Query_1	tr|Q7V3E3|Q7V3E3_PROMP	45.946	37	20	0	46728	46764	1	37	0.057	38.9
Query_1	sp|Q7V336|LEUC_PROMP	60.000	25	10	0	34174	34198	257	281	0.059	38.9
Query_1	sp|Q7V027|QUEF_PROMP	92.308	13	1	0	49438	49450	108	120	0.059	36.6
Query_1	sp|Q7V027|QUEF_PROMP	63.636	22	6	1	41276	41297	14	33	0.32	34.7
Query_1	sp|Q7V027|QUEF_PROMP	85.714	14	2	0	5854	5867	47	60	0.68	33.5
Query_1	tr|Q7V1Y6|Q7V1Y6_PROMP	80.000	20	4	0	72392	72411	210	229	0.063	38.5
Query_1	tr|Q8GBX9|Q8GBX9_PROMP	75.000	20	5	0	63721	63740	412	431	0.064	38.5
Query_1	tr|Q7V0M7|Q7V0M7_PROMP	51.064	47	16	2	34093	34132	196	242	0.065	38.1
Query_1	tr|Q7V0M7|Q7V0M7_PROMP	30.952	84	37	2	53630	53713	220	282	0.16	37.0
Query_1	tr|Q7V0M7|Q7V0M7_PROMP	57.143	28	12	0	66867	66894	223	250	1.6	33.9
Query_1	tr|Q7V192|Q7V192_PROMP	41.667	48	23	2	75983	76029	48	91	0.065	37.7
Query_1	sp|Q7V1I2|SYL_PROMP	61.290	31	11	1	23974	24004	206	235	0.066	38.9
Query_1	sp|Q7V1I2|SYL_PROMP	94.118	17	1	0	32172	32188	678	694	0.076	38.5
Query_1	sp|Q7V1I2|SYL_PROMP	63.636	22	8	0	71648	71669	470	491	0.57	35.8
Query_1	sp|Q7V2I1|HEM3_PROMP	84.211	19	3	0	77355	77373	161	179	0.066	38.1
Query_1	tr|Q7V3D4|Q7V3D4_PROMP	60.714	28	10	1	55581	55607	36	63	0.072	36.6
Query_1	tr|Q7V3D4|Q7V3D4_PROMP	64.706	17	6	0	23093	23109	1	17	0.54	33.9
Query_1	tr|Q7V3D4|Q7V3D4_PROMP	29.577	71	48	2	48185	48253	3	73	1.5	32.7
Query_1	tr|Q7V153|Q7V153_PROMP	94.737	19	1	0	74995	75013	140	158	0.073	38.5
Query_1	tr|Q7V153|Q7V153_PROMP	72.000	25	7	0	62531	62555	140	164	0.12	37.7
Query_1	tr|Q7V153|Q7V153_PROMP	45.455	55	29	1	45114	45167	6	60	0.14	37.4
Query_1	tr|Q7V153|Q7V153_PROMP	87.500	16	2	0	55293	55308	5	20	1.1	34.7
Query_1	tr|Q7V153|Q7V153_PROMP	81.250	16	3	0	29392	29407	5	20	3.1	33.1
Query_1	tr|Q7V153|Q7V153_PROMP	60.000	35	9	2	51079	51111	142	173	3.8	32.7
Query_1	tr|Q7TUF4|Q7TUF4_PROMP	64.516	31	9	1	75630	75658	146	176	0.073	38.5
Query_1	tr|Q7V023|Q7V023_PROMP	52.941	34	16	0	73967	74000	622	655	0.077	38.5
Query_1	tr|Q7V320|Q7V320_PROMP	73.077	26	7	0	69436	69461	122	147	0.078	37.0
Query_1	tr|Q7V1L1|Q7V1L1_PROMP	29.545	88	56	3	72981	73066	335	418	0.080	38.5
Query_1	tr|Q7V1L1|Q7V1L1_PROMP	61.538	26	10	0	15186	15211	332	357	0.22	37.0
Query_1	sp|Q7V0B9|RNZ_PROMP	61.290	31	8	1	33094	33120	87	117	0.082	38.1
Query_1	sp|Q9RC07|PSAB_PROMP	94.118	17	1	0	42368	42384	402	418	0.084	38.5
Query_1	sp|Q9RC07|PSAB_PROMP	75.000	20	5	0	55267	55286	400	419	0.24	37.0
Query_1	sp|Q9RC07|PSAB_PROMP	45.455	33	16	1	76553	76583	538	570	4.1	32.7
Query_1	sp|Q9RC07|PSAB_PROMP	51.724	29	14	0	52826	52854	687	715	6.9	32.3
Query_1	tr|Q7V097|Q7V097_PROMP	32.653	49	23	2	8031	8076	6	47	0.084	35.0
Query_1	tr|Q7V097|Q7V097_PROMP	50.000	22	11	0	28791	28812	20	41	0.84	32.3
Query_1	tr|Q7U394|Q7U394_PROMP	37.500	48	30	0	63841	63888	61	108	0.085	38.1
Query_1	sp|Q7V0F0|ILVC_PROMP	80.952	21	4	0	38466	38486	244	264	0.085	38.1
Query_1	sp|Q7V0F0|ILVC_PROMP	100.000	16	0	0	69413	69428	185	200	0.16	37.0
Query_1	sp|Q7V0F0|ILVC_PROMP	54.286	35	13	2	25615	25648	67	99	2.2	33.5
Query_1	sp|Q7V0F0|ILVC_PROMP	59.259	27	9	1	59996	60020	4	30	6.5	32.0
Query_1	tr|Q7TUD3|Q7TUD3_PROMP	60.714	28	11	0	76925	76952	187	214	0.085	37.4
Query_1	sp|Q7UZZ9|IF2_PROMP	61.765	34	13	0	24054	24087	963	996	0.087	38.5
Query_1	sp|Q7UZZ9|IF2_PROMP	76.471	17	4	0	64109	64125	1134	1150	4.7	32.7
Query_1	sp|Q7UZU9|RL23_PROMP	93.333	15	1	0	76672	76686	24	38	0.095	35.4
Query_1	sp|Q7UZN3|SAHH_PROMP	66.667	30	7	1	19259	19288	153	179	0.096	38.1
Query_1	sp|Q7UZN3|SAHH_PROMP	51.163	43	17	1	74808	74850	137	175	3.4	33.1
Query_1	sp|Q7V0R5|PNP_PROMP	78.947	19	4	0	50375	50393	151	169	0.11	38.1
Query_1	sp|Q7V0R5|PNP_PROMP	45.455	33	18	0	29318	29350	637	669	1.2	34.7
Query_1	sp|Q7V0R5|PNP_PROMP	26.627	169	105	5	10084	10244	194	351	3.8	33.1
Query_1	tr|Q7V1Q7|Q7V1Q7_PROMP	71.429	21	6	0	65469	65489	142	162	0.11	37.0
Query_1	tr|Q7TU97|Q7TU97_PROMP	89.474	19	2	0	57696	57714	240	258	0.11	37.4
Query_1	tr|Q7TU97|Q7TU97_PROMP	85.000	20	3	0	70297	70316	168	187	0.26	36.2
Query_1	tr|Q7TU97|Q7TU97_PROMP	88.235	17	2	0	59153	59169	20	36	0.40	35.8
Query_1	tr|Q7TU97|Q7TU97_PROMP	45.238	42	21	1	74002	74041	38	79	0.57	35.0
Query_1	tr|Q7TU97|Q7TU97_PROMP	57.692	26	11	0	22956	22981	40	65	0.82	34.7
Query_1	tr|Q7TU97|Q7TU97_PROMP	76.471	17	4	0	20944	20960	39	55	1.3	33.9
Query_1	tr|Q7TU97|Q7TU97_PROMP	82.353	17	3	0	7272	7288	68	84	2.0	33.5
Query_1	tr|Q7V3E8|Q7V3E8_PROMP	40.625	32	19	0	34985	35016	176	207	0.12	37.4
Query_1	tr|Q7V3E8|Q7V3E8_PROMP	35.821	67	36	1	11493	11552	130	196	0.27	36.2
Query_1	tr|Q7V3E8|Q7V3E8_PROMP	52.174	23	11	0	46835	46857	90	112	7.5	31.6
Query_1	tr|Q7V2Z5|Q7V2Z5_PROMP	87.500	16	2	0	48256	48271	222	237	0.12	38.1
Query_1	tr|Q7V2Z5|Q7V2Z5_PROMP	53.333	30	14	0	56575	56604	458	487	0.38	36.2
Query_1	tr|Q7V224|Q7V224_PROMP	78.571	14	3	0	32074	32087	6	19	0.12	36.2
Query_1	tr|Q7V1V4|Q7V1V4_PROMP	51.220	41	19	1	18644	18684	71	110	0.12	37.7
Query_1	sp|Q7V1V0|RS2_PROMP	38.889	54	32	1	2582	2634	137	190	0.12	37.0
Query_1	sp|Q7V1V0|RS2_PROMP	40.909	44	22	1	41508	41551	119	158	6.9	31.6
Query_1	sp|Q7V0C7|PUR7_PROMP	65.217	23	8	0	59074	59096	215	237	0.13	37.0
Query_1	tr|Q7V0V7|Q7V0V7_PROMP	88.235	17	2	0	48680	48696	410	426	0.13	37.7
Query_1	tr|Q7V2I6|Q7V2I6_PROMP	53.333	30	10	1	59332	59357	284	313	0.13	37.4
Query_1	sp|Q7V226|HSLO_PROMP	32.639	144	82	6	39217	39355	51	184	0.13	37.4
Query_1	sp|Q7V1H4|DNAK1_PROMP	70.833	24	7	0	14000	14023	167	190	0.13	37.7
Query_1	tr|Q7V2R2|Q7V2R2_PROMP	50.000	34	16	1	42270	42303	3	35	0.13	37.4
Query_1	tr|Q7V2R2|Q7V2R2_PROMP	59.375	32	10	2	71498	71529	242	270	0.52	35.4
Query_1	tr|Q7V2R2|Q7V2R2_PROMP	77.273	22	5	0	42982	43003	100	121	0.72	35.0
Query_1	tr|Q7V2R2|Q7V2R2_PROMP	93.750	16	1	0	74072	74087	248	263	0.92	34.7
Query_1	tr|Q7V2R2|Q7V2R2_PROMP	87.500	16	2	0	41212	41227	248	263	1.9	33.5
Query_1	tr|Q7V2R2|Q7V2R2_PROMP	62.500	24	9	0	72795	72818	105	128	9.8	31.2
Query_1	tr|Q7V134|Q7V134_PROMP	40.426	47	21	2	54839	54883	40	81	0.13	35.8
Query_1	sp|Q7V0C3|KAIB_PROMP	51.111	45	18	2	47569	47609	19	63	0.14	35.0
Query_1	tr|Q7V0J6|Q7V0J6_PROMP	33.803	71	32	3	239	309	237	292	0.14	37.4
Query_1	sp|Q7UZW3|KAD_PROMP	42.500	40	23	0	53658	53697	3	42	0.14	36.2
Query_1	sp|Q7UZU3|RECA_PROMP	89.474	19	2	0	70690	70708	146	164	0.15	37.4
Query_1	sp|Q7UZU3|RECA_PROMP	68.000	25	5	1	10213	10234	83	107	2.3	33.5
Query_1	tr|Q7V0Y5|Q7V0Y5_PROMP	38.571	70	28	3	11380	11436	120	187	0.16	36.2
Query_1	tr|Q7V106|Q7V106_PROMP	35.065	77	37	2	58054	58117	488	564	0.16	37.7
Query_1	tr|Q7V106|Q7V106_PROMP	43.396	53	28	2	3378	3428	787	839	0.18	37.4
Query_1	tr|Q7V106|Q7V106_PROMP	100.000	16	0	0	68846	68861	159	174	1.4	34.7
Query_1	tr|Q7V106|Q7V106_PROMP	87.500	16	2	0	44850	44865	366	381	2.6	33.5
Query_1	tr|Q7V091|Q7V091_PROMP	88.235	17	2	0	59263	59279	272	288	0.17	37.0
Query_1	tr|Q7TU21|Q7TU21_PROMP	44.444	45	22	2	31782	31825	8	50	0.17	37.0
Query_1	sp|Q7V2G1|TAL_PROMP	57.576	33	14	0	29667	29699	237	269	0.17	37.0
Query_1	tr|Q7V0N4|Q7V0N4_PROMP	78.261	23	5	0	59557	59579	151	173	0.17	37.0
Query_1	tr|Q7V2T7|Q7V2T7_PROMP	44.737	38	21	0	31362	31399	25	62	0.18	34.3
Query_1	tr|Q7V3M0|Q7V3M0_PROMP	70.000	20	6	0	9262	9281	41	60	0.19	35.4
Query_1	tr|Q7V3M0|Q7V3M0_PROMP	71.429	21	6	0	26217	26237	37	57	0.20	35.4
Query_1	tr|Q7V3M0|Q7V3M0_PROMP	44.186	43	21	1	19432	19474	44	83	0.95	33.5
Query_1	tr|Q7V1S4|Q7V1S4_PROMP	68.000	25	8	0	150	174	102	126	0.19	37.0
Query_1	tr|Q7V1S4|Q7V1S4_PROMP	87.500	16	2	0	68739	68754	333	348	2.1	33.5
Query_1	sp|Q7V293|PROA_PROMP	94.118	17	1	0	16640	16656	175	191	0.19	37.0
Query_1	sp|Q7V293|PROA_PROMP	78.947	19	4	0	43794	43812	259	277	0.88	35.0
Query_1	tr|Q7TU15|Q7TU15_PROMP	42.553	47	21	1	28623	28669	42	82	0.20	37.0
Query_1	tr|Q7TU61|Q7TU61_PROMP	71.429	28	5	1	42619	42646	50	74	0.20	37.0
Query_1	tr|Q7TU61|Q7TU61_PROMP	88.235	17	2	0	48585	48601	226	242	0.47	35.8
Query_1	sp|Q7V121|LEU1_PROMP	32.609	92	45	4	28561	28640	135	221	0.20	37.0
Query_1	sp|Q7V121|LEU1_PROMP	54.167	24	11	0	53680	53703	514	537	2.4	33.5
Query_1	sp|Q7V007|RPOC1_PROMP	66.667	27	9	0	25984	26010	198	224	0.21	37.0
Query_1	sp|Q7V007|RPOC1_PROMP	58.621	29	12	0	39125	39153	201	229	0.22	37.0
Query_1	sp|Q7V007|RPOC1_PROMP	50.000	34	16	1	4709	4742	270	302	0.95	35.0
Query_1	sp|Q7V007|RPOC1_PROMP	59.091	22	8	1	21639	21660	109	129	2.6	33.5
Query_1	sp|Q7V007|RPOC1_PROMP	45.946	37	20	0	67428	67464	193	229	3.0	33.5
Query_1	tr|Q7V178|Q7V178_PROMP	87.500	16	2	0	73851	73866	48	63	0.21	33.9
Query_1	sp|Q7UZV0|RL2_PROMP	93.750	16	1	0	52031	52046	16	31	0.21	36.6
Query_1	sp|Q7UZV0|RL2_PROMP	39.535	43	24	1	55694	55734	175	217	1.7	33.5
Query_1	sp|Q7UZV0|RL2_PROMP	66.667	21	7	0	48241	48261	16	36	6.0	32.0
Query_1	sp|Q7V215|ISPG_PROMP	64.000	25	5	1	73653	73677	286	306	0.22	37.0
Query_1	tr|Q7V2Q7|Q7V2Q7_PROMP	57.143	21	9	0	69172	69192	128	148	0.23	36.2
Query_1	tr|Q7UZQ2|Q7UZQ2_PROMP	37.255	51	32	0	26711	26761	209	259	0.23	37.0
Query_1	tr|Q7UZQ2|Q7UZQ2_PROMP	75.000	16	4	0	55993	56008	27	42	9.9	31.6
Query_1	sp|Q7V1T8|FBSB_PROMP	70.000	20	6	0	69770	69789	234	253	0.23	36.6
Query_1	sp|Q7V1T8|FBSB_PROMP	80.000	15	3	0	4024	4038	236	250	3.2	32.7
Query_1	sp|Q7V3B0|NDHH_PROMP	78.571	14	3	0	43687	43700	173	186	0.24	36.6
Query_1	tr|Q7V1T3|Q7V1T3_PROMP	83.333	18	3	0	16860	16877	152	169	0.24	35.4
Query_1	tr|Q7V0N1|Q7V0N1_PROMP	33.333	78	50	2	72439	72514	426	503	0.24	37.0
Query_1	tr|Q7V2E9|Q7V2E9_PROMP	83.333	18	3	0	46342	46359	3	20	0.25	36.2
Query_1	sp|Q7V2S9|AROQ_PROMP	62.963	27	9	1	39789	39814	34	60	0.26	35.0
Query_1	tr|Q7V104|Q7V104_PROMP	72.727	22	6	0	36989	37010	40	61	0.26	36.6
Query_1	tr|Q7V104|Q7V104_PROMP	41.071	56	29	2	67973	68026	287	340	0.77	35.0
Query_1	tr|Q7V104|Q7V104_PROMP	86.667	15	2	0	42187	42201	33	47	4.8	32.3
Query_1	tr|Q7V0K9|Q7V0K9_PROMP	42.857	42	22	1	44554	44595	229	268	0.27	36.6
Query_1	tr|Q7V0K9|Q7V0K9_PROMP	76.471	17	4	0	5361	5377	252	268	0.48	35.8
Query_1	tr|Q7V0K9|Q7V0K9_PROMP	100.000	13	0	0	39042	39054	293	305	0.91	34.7
Query_1	sp|Q7V0C4|KAIC_PROMP	86.667	15	2	0	24198	24212	15	29	0.27	36.6
Query_1	tr|Q7V137|Q7V137_PROMP	75.000	20	5	0	44648	44667	230	249	0.28	36.6
Query_1	sp|Q7V1R4|YQGF_PROMP	61.905	21	8	0	73947	73967	125	145	0.28	35.0
Query_1	tr|Q7UZH9|Q7UZH9_PROMP	93.333	15	1	0	17227	17241	50	64	0.29	36.2
Query_1	tr|Q7V1E7|Q7V1E7_PROMP	58.065	31	9	1	5451	5477	97	127	0.30	36.2
Query_1	tr|Q7V322|Q7V322_PROMP	30.000	120	71	3	20064	20178	76	187	0.30	36.2
Query_1	tr|Q7V3Q9|Q7V3Q9_PROMP	78.947	19	4	0	73535	73553	299	317	0.31	36.2
Query_1	tr|Q7V3Q9|Q7V3Q9_PROMP	78.947	19	4	0	52241	52259	299	317	0.37	36.2
Query_1	tr|Q7V0E2|Q7V0E2_PROMP	73.684	19	5	0	7452	7470	124	142	0.31	35.8
Query_1	tr|Q7V0E2|Q7V0E2_PROMP	36.047	86	45	3	4942	5023	59	138	0.66	34.7
Query_1	tr|Q7V2J9|Q7V2J9_PROMP	47.917	48	23	2	65082	65127	183	230	0.32	35.8
Query_1	sp|Q7V1J8|SYFB_PROMP	42.308	52	28	1	61950	62001	187	236	0.33	36.6
Query_1	sp|Q7UZU7|RL3_PROMP	48.387	31	16	0	44433	44463	23	53	0.33	35.4
Query_1	tr|Q7V066|Q7V066_PROMP	39.623	53	31	1	71234	71285	74	126	0.33	36.6
Query_1	tr|Q7V0Q9|Q7V0Q9_PROMP	53.846	26	12	0	52972	52997	283	308	0.33	36.2
Query_1	sp|Q7UZZ3|DAPAT_PROMP	66.667	21	7	0	48768	48788	331	351	0.33	36.2
Query_1	sp|Q7UZZ3|DAPAT_PROMP	28.571	70	46	1	30384	30449	37	106	8.9	31.6
Query_1	tr|Q7UZQ7|Q7UZQ7_PROMP	80.952	21	4	0	44727	44747	491	511	0.35	36.6
Query_1	sp|Q7UZQ1|PSAC_PROMP	80.000	15	3	0	74285	74299	18	32	0.36	33.1
Query_1	sp|Q7UZQ1|PSAC_PROMP	76.471	17	4	0	66851	66867	50	66	0.55	32.7
Query_1	sp|Q7UZQ1|PSAC_PROMP	72.222	18	5	0	41845	41862	49	66	0.58	32.3
Query_1	tr|Q7UZQ9|Q7UZQ9_PROMP	66.667	21	7	0	51339	51359	189	209	0.36	35.8
Query_1	tr|Q7UZQ9|Q7UZQ9_PROMP	100.000	12	0	0	31602	31613	222	233	3.9	32.7
Query_1	tr|Q7UZQ9|Q7UZQ9_PROMP	80.000	15	3	0	64056	64070	192	206	4.0	32.3
Query_1	sp|Q7UZP0|SYK_PROMP	83.333	18	3	0	66561	66578	414	431	0.38	36.2
Query_1	sp|Q7UZP0|SYK_PROMP	44.444	36	14	1	10768	10803	50	79	8.0	32.0
Query_1	tr|Q7V0J5|Q7V0J5_PROMP	81.250	16	3	0	66967	66982	267	282	0.38	36.2
Query_1	tr|Q7V2T1|Q7V2T1_PROMP	72.222	18	5	0	61137	61154	565	582	0.40	36.2
Query_1	sp|Q7V2L4|UCRI_PROMP	77.273	22	3	1	70962	70981	65	86	0.40	35.0
Query_1	tr|Q7TU53|Q7TU53_PROMP	65.217	23	8	0	16288	16310	52	74	0.40	32.7
Query_1	tr|Q7TU53|Q7TU53_PROMP	60.000	20	8	0	56058	56077	29	48	6.0	29.3
Query_1	tr|Q7UZM8|Q7UZM8_PROMP	84.211	19	3	0	53453	53471	174	192	0.41	36.2
Query_1	tr|Q7UZM8|Q7UZM8_PROMP	80.000	20	4	0	23643	23662	231	250	1.2	34.7
Query_1	sp|Q7V335|GLYA_PROMP	44.444	63	30	2	75443	75505	292	349	0.41	35.8
Query_1	sp|Q7V335|GLYA_PROMP	44.828	29	16	0	11461	11489	154	182	1.8	33.9
Query_1	sp|Q7V335|GLYA_PROMP	45.455	33	18	0	57970	58002	368	400	2.5	33.5
Query_1	sp|Q7V335|GLYA_PROMP	69.565	23	5	1	1385	1405	401	423	4.7	32.3
Query_1	sp|Q7V335|GLYA_PROMP	92.857	14	1	0	60955	60968	277	290	6.9	32.0
Query_1	tr|Q7V0M1|Q7V0M1_PROMP	45.098	51	22	2	46751	46797	37	85	0.43	35.4
Query_1	sp|Q7V3C8|NU4C_PROMP	69.565	23	7	0	34796	34818	502	524	0.44	35.8
Query_1	tr|Q7V0M2|Q7V0M2_PROMP	29.487	78	54	1	39382	39458	106	183	0.45	35.8
Query_1	tr|Q7V0M2|Q7V0M2_PROMP	50.000	32	13	1	29629	29657	106	137	7.4	31.6
Query_1	tr|Q7V2R9|Q7V2R9_PROMP	57.576	33	7	1	65874	65906	154	179	0.46	35.0
Query_1	tr|Q7TUH6|Q7TUH6_PROMP	77.778	18	4	0	71950	71967	37	54	0.48	33.9
Query_1	sp|Q7V2Y0|MINE_PROMP	38.710	62	17	2	2632	2689	34	78	0.48	33.5
Query_1	sp|Q7V2Y0|MINE_PROMP	57.143	28	12	0	11548	11575	20	47	1.9	31.6
Query_1	tr|Q7V3B3|Q7V3B3_PROMP	62.963	27	10	0	36457	36483	85	111	0.49	35.0
Query_1	tr|Q7V3B3|Q7V3B3_PROMP	64.000	25	9	0	15380	15404	184	208	1.9	33.1
Query_1	sp|Q7UZQ0|ACP_PROMP	78.947	19	4	0	44933	44951	9	27	0.50	32.7
Query_1	sp|Q7UZQ0|ACP_PROMP	48.718	39	18	1	60764	60800	7	45	1.3	31.6
Query_1	tr|Q7V0Y8|Q7V0Y8_PROMP	43.750	48	15	2	56839	56885	2	38	0.50	33.5
Query_1	tr|Q7V0J7|Q7V0J7_PROMP	83.333	18	3	0	20544	20561	151	168	0.51	35.4
Query_1	tr|Q7V0J7|Q7V0J7_PROMP	45.652	46	15	2	54610	54655	6	41	2.6	33.1
Query_1	tr|Q7V3J0|Q7V3J0_PROMP	46.296	54	16	3	56422	56469	35	81	0.53	35.0
Query_1	tr|Q7V247|Q7V247_PROMP	83.333	18	3	0	55575	55592	18	35	0.53	35.8
Query_1	tr|Q7V247|Q7V247_PROMP	77.273	22	5	0	27414	27435	304	325	1.5	34.3
Query_1	tr|Q7V247|Q7V247_PROMP	42.500	40	23	0	39288	39327	334	373	5.1	32.3
Query_1	tr|Q7V0X6|Q7V0X6_PROMP	93.750	16	1	0	25472	25487	49	64	0.54	35.4
Query_1	tr|Q7V0C9|Q7V0C9_PROMP	70.000	20	6	0	40100	40119	98	117	0.56	35.0
Query_1	tr|Q7V0C9|Q7V0C9_PROMP	73.684	19	5	0	36004	36022	197	215	4.2	32.3
Query_1	tr|Q7V0C9|Q7V0C9_PROMP	81.250	16	3	0	46379	46394	241	256	5.1	32.0
Query_1	tr|Q7V040|Q7V040_PROMP	85.714	14	2	0	61706	61719	3	16	0.56	32.3
Query_1	tr|Q7V119|Q7V119_PROMP	28.767	146	61	6	34270	34388	170	299	0.58	35.0
Query_1	tr|Q7UZF6|Q7UZF6_PROMP	50.000	38	18	1	67087	67124	17	53	0.58	35.4
Query_1	tr|Q7UZF6|Q7UZF6_PROMP	41.818	55	20	3	65283	65328	136	187	2.0	33.9
Query_1	tr|Q7V1E5|Q7V1E5_PROMP	94.118	17	1	0	71478	71494	65	81	0.58	35.4
Query_1	tr|Q7TUE4|Q7TUE4_PROMP	43.590	39	12	2	67774	67802	58	96	0.59	33.1
Query_1	sp|Q7UZW7|RL17_PROMP	77.273	22	4	1	69604	69625	1	21	0.59	33.5
Query_1	tr|Q7V0L9|Q7V0L9_PROMP	52.381	42	13	1	23985	24026	105	139	0.60	34.7
Query_1	tr|Q7V0L9|Q7V0L9_PROMP	75.000	20	4	1	1770	1788	180	199	7.1	31.2
Query_1	sp|Q7UZW0|RS5_PROMP	54.839	31	7	1	27620	27643	109	139	0.62	34.7
Query_1	sp|Q7UZW0|RS5_PROMP	86.667	15	2	0	66014	66028	112	126	0.99	33.9
Query_1	tr|Q7V1G5|Q7V1G5_PROMP	83.333	18	3	0	6884	6901	112	129	0.63	35.4
Query_1	tr|Q7UZT7|Q7UZT7_PROMP	68.421	19	6	0	56497	56515	31	49	0.64	33.5
Query_1	tr|Q7V2W3|Q7V2W3_PROMP	44.444	45	24	1	75863	75907	21	64	0.65	32.0
Query_1	tr|Q7V2W3|Q7V2W3_PROMP	92.308	13	1	0	20987	20999	38	50	4.1	29.6
Query_1	tr|A8WID4|A8WID4_PROMP	65.217	23	8	0	72884	72906	33	55	0.65	31.6
Query_1	sp|Q7V048|RRP3_PROMP	71.429	21	6	0	47262	47282	86	106	0.65	33.5
Query_1	tr|Q7V1B7|Q7V1B7_PROMP	31.579	95	36	3	62633	62698	78	172	0.68	35.0
Query_1	tr|Q7V1B7|Q7V1B7_PROMP	32.877	73	30	3	33010	33082	327	380	0.86	35.0
Query_1	tr|Q7V1H7|Q7V1H7_PROMP	76.471	17	4	0	37976	37992	31	47	0.69	33.9
Query_1	tr|Q7UZS1|Q7UZS1_PROMP	56.250	32	14	0	54924	54955	126	157	0.70	34.7
Query_1	tr|Q7UZS1|Q7UZS1_PROMP	54.167	24	11	0	62386	62409	57	80	5.7	31.6
Query_1	sp|Q7UZW4|RS13_PROMP	60.870	23	9	0	47299	47321	31	53	0.70	33.1
Query_1	sp|Q7UZW4|RS13_PROMP	81.250	16	3	0	74767	74782	14	29	0.72	33.1
Query_1	tr|Q7UZR2|Q7UZR2_PROMP	53.125	32	8	1	68140	68171	110	134	0.71	35.4
Query_1	tr|Q7UZR2|Q7UZR2_PROMP	72.222	18	5	0	27893	27910	120	137	9.7	31.6
Query_1	tr|Q7V0M0|Q7V0M0_PROMP	39.024	41	20	1	24087	24122	136	176	0.77	34.7
Query_1	tr|Q7V0G6|Q7V0G6_PROMP	60.000	25	6	1	42048	42068	136	160	0.80	34.3
Query_1	tr|Q7V2A5|Q7V2A5_PROMP	48.649	37	18	1	36225	36261	242	277	0.82	34.7
Query_1	tr|Q7V2R4|Q7V2R4_PROMP	69.565	23	6	1	27740	27762	334	355	0.83	35.0
Query_1	tr|Q7V2R4|Q7V2R4_PROMP	46.809	47	13	2	8348	8382	334	380	1.3	34.3
Query_1	tr|Q7V2R4|Q7V2R4_PROMP	100.000	13	0	0	55334	55346	247	259	4.5	32.7
Query_1	sp|Q7V263|SYH_PROMP	47.500	40	16	1	22223	22262	226	260	0.83	35.0
Query_1	tr|Q7V2I4|Q7V2I4_PROMP	51.220	41	15	2	27561	27598	48	86	0.85	33.9
Query_1	sp|Q7UZG3|DNAK2_PROMP	60.000	25	10	0	13999	14023	165	189	0.92	35.0
Query_1	sp|Q7UZG3|DNAK2_PROMP	30.909	110	59	5	17344	17442	228	331	7.4	32.0
Query_1	sp|Q7UZG3|DNAK2_PROMP	82.353	17	3	0	62501	62517	566	582	7.5	32.0
Query_1	tr|Q7V284|Q7V284_PROMP	87.500	16	2	0	53561	53576	174	189	0.93	34.7
Query_1	sp|Q7TUC8|TRPA_PROMP	77.778	18	4	0	3295	3312	235	252	0.93	34.7
Query_1	tr|Q7V1Y8|Q7V1Y8_PROMP	29.231	130	88	3	4733	4861	98	224	0.95	34.7
Query_1	tr|Q7V2F4|Q7V2F4_PROMP	82.353	17	3	0	46988	47004	544	560	0.96	35.0
Query_1	tr|Q7V2F4|Q7V2F4_PROMP	75.000	20	5	0	39365	39384	177	196	1.2	34.7
Query_1	tr|Q7V2F4|Q7V2F4_PROMP	63.158	19	7	0	9857	9875	495	513	2.0	33.9
Query_1	sp|Q7TUA9|EFTS_PROMP	35.593	59	32	1	17722	17774	159	217	0.96	34.3
Query_1	sp|Q7TUA9|EFTS_PROMP	77.778	18	4	0	49624	49641	201	218	3.3	32.3
Query_1	sp|Q7V299|GLGB_PROMP	86.667	15	2	0	68873	68887	66	80	0.99	35.0
Query_1	tr|Q7V0A3|Q7V0A3_PROMP	26.531	98	58	3	66721	66807	34	128	1.00	34.3
Query_1	tr|Q7V0A3|Q7V0A3_PROMP	75.000	16	4	0	42804	42819	138	153	5.5	32.0
Query_1	sp|Q7V0T8|SYGA_PROMP	34.545	55	32	2	6018	6071	163	214	1.0	34.3
Query_1	sp|Q7V0T8|SYGA_PROMP	77.778	18	4	0	13757	13774	209	226	1.2	34.3
Query_1	tr|Q7V361|Q7V361_PROMP	32.308	65	39	1	69403	69467	324	383	1.1	34.7
Query_1	sp|Q7V1I7|COAD_PROMP	93.750	16	1	0	65610	65625	25	40	1.1	33.5
Query_1	sp|Q7UZW6|RPOA_PROMP	37.255	51	32	0	70428	70478	174	224	1.1	34.3
Query_1	tr|Q7V1K3|Q7V1K3_PROMP	34.694	49	18	1	36182	36216	67	115	1.1	33.5
Query_1	tr|Q7V1K3|Q7V1K3_PROMP	40.426	47	23	1	68916	68957	123	169	7.2	31.2
Query_1	tr|Q7V2U3|Q7V2U3_PROMP	73.684	19	5	0	32572	32590	368	386	1.1	34.7
Query_1	tr|Q7V2U3|Q7V2U3_PROMP	93.750	16	1	0	71312	71327	440	455	1.5	34.3
Query_1	sp|Q7V383|RL10_PROMP	56.667	30	12	1	17006	17034	15	44	1.1	33.5
Query_1	sp|Q7V383|RL10_PROMP	65.217	23	8	0	44358	44380	13	35	4.5	31.6
Query_1	sp|Q7UZV3|RL16_PROMP	80.000	15	3	0	66742	66756	87	101	1.2	33.1
Query_1	tr|Q7V3D2|Q7V3D2_PROMP	88.235	17	2	0	59916	59932	1	17	1.2	34.7
Query_1	tr|Q7V3P6|Q7V3P6_PROMP	29.670	91	58	3	7393	7481	102	188	1.2	34.3
Query_1	sp|Q7V350|TRMB_PROMP	29.310	58	38	2	23889	23944	115	171	1.2	33.9
Query_1	tr|Q7V0R9|Q7V0R9_PROMP	47.368	38	18	1	17414	17449	100	137	1.2	32.7
Query_1	tr|Q7V0R9|Q7V0R9_PROMP	77.778	18	4	0	19098	19115	119	136	2.0	32.3
Query_1	sp|Q7UZY8|RS10_PROMP	65.000	20	7	0	24847	24866	86	105	1.2	32.3
Query_1	tr|Q7V313|Q7V313_PROMP	93.333	15	1	0	34399	34413	118	132	1.2	33.9
Query_1	tr|Q7V313|Q7V313_PROMP	93.333	15	1	0	44204	44218	118	132	1.2	33.9
Query_1	sp|Q7V2Q2|MQO_PROMP	87.500	16	2	0	65950	65965	315	330	1.3	34.3
Query_1	tr|Q7V186|Q7V186_PROMP	59.091	22	9	0	12299	12320	54	75	1.3	32.3
Query_1	tr|Q7V2M6|Q7V2M6_PROMP	88.235	17	2	0	56446	56462	154	170	1.3	34.3
Query_1	tr|Q7V2M6|Q7V2M6_PROMP	76.471	17	4	0	14478	14494	74	90	6.1	32.0
Query_1	tr|Q7V295|Q7V295_PROMP	76.471	17	4	0	51904	51920	70	86	1.3	33.1
Query_1	tr|Q7V0Y4|Q7V0Y4_PROMP	72.222	18	5	0	42963	42980	9	26	1.3	31.6
Query_1	tr|Q7V0Y4|Q7V0Y4_PROMP	61.905	21	8	0	8156	8176	6	26	7.5	29.3
Query_1	tr|Q7V3B5|Q7V3B5_PROMP	59.259	27	11	0	19822	19848	136	162	1.3	33.1
Query_1	tr|Q7V1Y9|Q7V1Y9_PROMP	60.870	23	9	0	46835	46857	100	122	1.4	33.9
Query_1	tr|Q7V1Y9|Q7V1Y9_PROMP	42.105	38	19	1	36618	36652	160	197	3.8	32.3
Query_1	tr|Q7V3L0|Q7V3L0_PROMP	64.000	25	8	1	52484	52507	630	654	1.5	34.3
Query_1	tr|Q7V1J3|Q7V1J3_PROMP	68.421	19	6	0	29747	29765	1035	1053	1.5	34.3
Query_1	tr|Q7TUD6|Q7TUD6_PROMP	40.909	44	25	1	38520	38563	76	118	1.5	33.9
Query_1	tr|Q7UZU4|Q7UZU4_PROMP	100.000	15	0	0	12421	12435	98	112	1.5	33.9
Query_1	tr|Q7V3K0|Q7V3K0_PROMP	77.778	18	4	0	76444	76461	117	134	1.6	33.9
Query_1	tr|Q7V122|Q7V122_PROMP	87.500	16	2	0	48097	48112	159	174	1.6	34.3
Query_1	tr|Q7V122|Q7V122_PROMP	31.818	110	51	6	29845	29952	117	204	9.5	31.6
Query_1	tr|Q7V0H1|Q7V0H1_PROMP	48.000	50	14	2	50485	50522	32	81	1.6	34.3
Query_1	tr|Q7V0H1|Q7V0H1_PROMP	51.351	37	18	0	56610	56646	165	201	2.2	33.9
Query_1	tr|Q7V0H1|Q7V0H1_PROMP	87.500	16	2	0	66637	66652	9	24	3.4	33.1
Query_1	tr|Q7V0H1|Q7V0H1_PROMP	88.235	17	2	0	26169	26185	119	135	8.4	32.0
Query_1	tr|Q7V0H1|Q7V0H1_PROMP	81.250	16	3	0	68324	68339	9	24	9.7	31.6
Query_1	sp|Q7V2Z9|PSBF_PROMP	70.000	20	4	1	50129	50148	3	20	1.6	30.4
Query_1	tr|Q7V3Q5|Q7V3Q5_PROMP	100.000	13	0	0	29138	29150	31	43	1.6	32.7
Query_1	tr|Q7V1I3|Q7V1I3_PROMP	50.000	32	13	2	62865	62896	68	96	1.7	33.9
Query_1	tr|Q7V1I3|Q7V1I3_PROMP	92.308	13	1	0	66130	66142	84	96	2.2	33.1
Query_1	tr|Q7V1L9|Q7V1L9_PROMP	76.190	21	5	0	51103	51123	84	104	1.7	32.7
Query_1	tr|Q7V3H9|Q7V3H9_PROMP	76.190	21	5	0	19222	19242	5	25	1.7	33.5
Query_1	tr|Q7V3H9|Q7V3H9_PROMP	51.852	27	13	0	50200	50226	230	256	2.5	33.1
Query_1	tr|Q7V0G2|Q7V0G2_PROMP	80.000	15	3	0	51390	51404	314	328	1.7	33.9
Query_1	tr|Q7V0U8|Q7V0U8_PROMP	51.852	27	13	0	13537	13563	133	159	1.7	33.1
Query_1	tr|Q7UZT6|Q7UZT6_PROMP	93.750	16	1	0	25888	25903	2	17	1.7	33.9
Query_1	tr|Q7V123|Q7V123_PROMP	42.029	69	35	2	30447	30512	300	366	1.8	33.9
Query_1	sp|Q7UZX0|RL31_PROMP	72.222	18	5	0	20750	20767	59	76	1.8	31.2
Query_1	tr|Q7V0H6|Q7V0H6_PROMP	56.250	32	12	1	54146	54177	256	285	1.8	33.5
Query_1	tr|Q7TUG7|Q7TUG7_PROMP	93.333	15	1	0	25185	25199	421	435	1.9	33.9
Query_1	sp|Q7V0R7|SYS_PROMP	87.500	16	2	0	54719	54734	6	21	2.0	33.9
Query_1	sp|Q7V274|GLMU_PROMP	86.667	15	2	0	76524	76538	369	383	2.0	33.9
Query_1	tr|Q7UZR4|Q7UZR4_PROMP	68.182	22	7	0	13678	13699	206	227	2.0	33.1
Query_1	tr|Q7V2V4|Q7V2V4_PROMP	65.000	20	7	0	856	875	14	33	2.0	31.6
Query_1	tr|Q7V2V4|Q7V2V4_PROMP	43.182	44	25	0	6171	6214	68	111	2.8	31.2
Query_1	tr|Q7V0S4|Q7V0S4_PROMP	35.821	67	32	3	69017	69073	155	220	2.1	33.5
Query_1	sp|Q7TUD1|ARGB_PROMP	42.105	38	21	1	36661	36697	208	245	2.1	33.5
Query_1	sp|Q7V1S5|PURQ_PROMP	72.222	18	5	0	37658	37675	63	80	2.2	33.1
Query_1	sp|Q7UZG0|ASSY_PROMP	76.471	17	4	0	21420	21436	173	189	2.2	33.5
Query_1	sp|Q7UZG0|ASSY_PROMP	92.857	14	1	0	26316	26329	172	185	7.4	32.0
Query_1	tr|Q7V2S4|Q7V2S4_PROMP	33.929	56	23	2	53176	53227	18	63	2.2	31.2
Query_1	tr|Q7V3C0|Q7V3C0_PROMP	68.421	19	6	0	10350	10368	61	79	2.5	33.5
Query_1	tr|Q7V0V2|Q7V0V2_PROMP	86.667	15	2	0	73866	73880	419	433	2.5	33.5
Query_1	tr|Q7V0B5|Q7V0B5_PROMP	87.500	16	2	0	15303	15318	188	203	2.6	33.5
Query_1	tr|Q7V0B5|Q7V0B5_PROMP	87.500	16	2	0	74358	74373	258	273	3.1	33.1
Query_1	sp|Q7V2D7|CHLL_PROMP	87.500	16	2	0	32376	32391	22	37	2.6	33.1
Query_1	tr|Q7V1G7|Q7V1G7_PROMP	60.000	20	8	0	26330	26349	26	45	2.6	30.8
Query_1	tr|Q7V0N9|Q7V0N9_PROMP	44.737	38	15	1	39057	39094	114	145	2.7	32.7
Query_1	sp|Q9RC08|PSAA_PROMP	92.857	14	1	0	40043	40056	355	368	2.7	33.5
Query_1	tr|Q7V3F8|Q7V3F8_PROMP	55.000	20	9	0	55938	55957	119	138	2.7	32.0
Query_1	sp|Q7UZV8|RL6_PROMP	78.947	19	4	0	31293	31311	69	87	2.7	32.3
Query_1	sp|Q7UZV8|RL6_PROMP	69.565	23	6	1	57527	57548	69	91	3.9	32.0
Query_1	tr|Q7V057|Q7V057_PROMP	46.809	47	19	3	7026	7070	110	152	2.7	32.0
Query_1	sp|Q7V2P2|HIS6_PROMP	33.929	56	32	1	55792	55842	34	89	2.7	32.7
Query_1	tr|Q7UZS8|Q7UZS8_PROMP	47.059	34	17	1	36566	36599	182	214	2.9	33.1
Query_1	tr|Q7UZS8|Q7UZS8_PROMP	82.353	17	3	0	5157	5173	230	246	6.3	32.3
Query_1	sp|Q7V2H0|SYP_PROMP	72.222	18	5	0	5578	5595	12	29	2.9	33.5
Query_1	sp|Q7V2C0|HIS1_PROMP	45.283	53	23	3	29323	29371	6	56	2.9	32.7
Query_1	sp|Q7UZJ1|RL9_PROMP	29.661	118	67	4	21469	21581	5	111	3.0	32.0
Query_1	tr|Q7V1X7|Q7V1X7_PROMP	48.000	25	13	0	69857	69881	32	56	3.0	31.2
Query_1	tr|Q7V0Y1|Q7V0Y1_PROMP	66.667	21	7	0	31408	31428	140	160	3.0	32.7
Query_1	tr|Q7V0Y1|Q7V0Y1_PROMP	52.778	36	11	1	1475	1510	143	172	4.4	32.3
Query_1	tr|Q7V2C8|Q7V2C8_PROMP	70.588	17	5	0	61376	61392	443	459	3.1	33.1
Query_1	tr|Q7V367|Q7V367_PROMP	84.615	13	2	0	67788	67800	16	28	3.2	29.6
Query_1	tr|Q7V2M4|Q7V2M4_PROMP	47.368	38	20	0	11049	11086	21	58	3.2	32.0
Query_1	tr|Q7UZM0|Q7UZM0_PROMP	84.615	13	2	0	55452	55464	88	100	3.3	32.0
Query_1	tr|Q7V3I3|Q7V3I3_PROMP	83.333	12	2	0	45372	45383	44	55	3.3	30.8
Query_1	tr|Q7V2I9|Q7V2I9_PROMP	70.000	20	6	0	19393	19412	88	107	3.3	33.1
Query_1	tr|Q7V2W6|Q7V2W6_PROMP	100.000	13	0	0	33314	33326	9	21	3.3	30.8
Query_1	tr|Q7UZP8|Q7UZP8_PROMP	36.000	75	34	3	65597	65671	4	64	3.3	33.1
Query_1	tr|Q7UZP8|Q7UZP8_PROMP	61.905	21	8	0	52766	52786	195	215	8.1	32.0
Query_1	tr|Q7V0H8|Q7V0H8_PROMP	37.288	59	32	3	53930	53986	50	105	3.4	31.6
Query_1	sp|Q7UZY5|RS7_PROMP	70.000	20	6	0	35497	35516	57	76	3.4	32.0
Query_1	tr|Q7V374|Q7V374_PROMP	53.571	28	12	1	46112	46139	245	271	3.4	32.7
Query_1	sp|Q7UZW8|RL13_PROMP	37.255	51	32	0	15960	16010	1	51	3.5	31.6
Query_1	sp|Q7UZH7|PYRG_PROMP	68.421	19	6	0	36635	36653	441	459	3.6	33.1
Query_1	sp|Q7UZK6|CLPX_PROMP	32.653	98	56	6	39992	40084	273	365	3.6	32.7
Query_1	sp|Q7UZK6|CLPX_PROMP	55.882	34	12	1	36781	36814	87	117	8.1	32.0
Query_1	tr|Q7V2X7|Q7V2X7_PROMP	28.723	94	54	4	43425	43509	275	364	3.7	32.7
Query_1	tr|Q7V254|Q7V254_PROMP	87.500	16	2	0	50188	50203	52	67	3.7	32.7
Query_1	tr|Q7V3P0|Q7V3P0_PROMP	59.375	32	10	1	13586	13617	29	57	3.8	29.6
Query_1	tr|Q7V110|Q7V110_PROMP	50.000	26	13	0	40795	40820	478	503	3.8	32.7
Query_1	tr|Q7V162|Q7V162_PROMP	82.353	17	3	0	66034	66050	64	80	3.8	30.4
Query_1	tr|Q7V1I0|Q7V1I0_PROMP	51.515	33	13	1	32661	32693	184	213	3.9	32.3
Query_1	tr|Q7V2J6|Q7V2J6_PROMP	51.282	39	11	2	75553	75591	101	131	3.9	32.0
Query_1	tr|Q7V2J6|Q7V2J6_PROMP	41.667	48	22	1	16329	16370	71	118	6.7	31.2
Query_1	tr|Q7UZL4|Q7UZL4_PROMP	57.692	26	11	0	17605	17630	509	534	4.0	32.7
Query_1	tr|Q7UZL4|Q7UZL4_PROMP	86.667	15	2	0	36714	36728	509	523	6.0	32.3
Query_1	sp|Q7V1R8|LPXD_PROMP	81.250	16	3	0	45751	45766	37	52	4.0	32.7
Query_1	tr|Q7V378|Q7V378_PROMP	88.889	18	2	0	16213	16230	663	680	4.0	33.1
Query_1	tr|Q7V2Z6|Q7V2Z6_PROMP	70.588	17	5	0	73160	73176	21	37	4.1	32.3
Query_1	sp|Q7UZV7|RS8_PROMP	68.750	16	5	0	69759	69774	45	60	4.2	31.2
Query_1	sp|Q7UZV7|RS8_PROMP	82.353	17	3	0	5555	5571	95	111	4.6	31.2
Query_1	sp|Q7UZV7|RS8_PROMP	93.333	15	1	0	16535	16549	97	111	5.5	30.8
Query_1	tr|Q7UZT5|Q7UZT5_PROMP	68.182	22	7	0	38898	38919	66	87	4.2	32.7
Query_1	tr|Q7UZQ5|Q7UZQ5_PROMP	43.750	32	18	0	70521	70552	75	106	4.2	32.3
Query_1	tr|Q7V0T9|Q7V0T9_PROMP	81.250	16	3	0	77021	77036	166	181	4.2	32.3
Query_1	tr|Q7V0T9|Q7V0T9_PROMP	35.135	74	42	3	26440	26511	264	333	7.2	32.0
Query_1	tr|Q7V0T3|Q7V0T3_PROMP	75.000	16	4	0	75139	75154	28	43	4.3	32.0
Query_1	tr|Q7V1P7|Q7V1P7_PROMP	66.667	18	6	0	53263	53280	40	57	4.3	30.4
Query_1	tr|Q7UZU0|Q7UZU0_PROMP	32.000	75	44	2	17389	17457	193	266	4.3	32.3
Query_1	tr|Q7UZU0|Q7UZU0_PROMP	47.222	36	18	1	30004	30038	183	218	7.3	31.6
Query_1	tr|Q7V1F5|Q7V1F5_PROMP	34.783	46	29	1	58381	58426	4	48	4.4	31.6
Query_1	sp|Q7V2F9|RRF_PROMP	66.667	21	7	0	20895	20915	31	51	4.6	31.6
Query_1	tr|Q7V1Q6|Q7V1Q6_PROMP	80.000	15	3	0	61934	61948	30	44	4.6	29.3
Query_1	tr|Q7V229|Q7V229_PROMP	85.714	14	2	0	44872	44885	69	82	4.7	32.0
Query_1	tr|Q7V2U5|Q7V2U5_PROMP	43.590	39	22	0	39021	39059	22	60	4.7	31.2
Query_1	tr|Q7V2U5|Q7V2U5_PROMP	81.250	16	3	0	64229	64244	22	37	9.7	30.0
Query_1	tr|Q7V1U1|Q7V1U1_PROMP	36.538	52	30	1	76630	76678	76	127	4.9	32.0
Query_1	sp|Q7V2D5|CHLN_PROMP	100.000	15	0	0	49390	49404	163	177	4.9	32.3
Query_1	tr|Q7V366|Q7V366_PROMP	33.721	86	55	2	46461	46546	46	129	5.1	32.3
Query_1	tr|Q7V0D6|Q7V0D6_PROMP	66.667	27	8	1	24600	24626	3	28	5.1	30.4
Query_1	tr|Q7V0D6|Q7V0D6_PROMP	87.500	16	2	0	53	68	14	29	5.3	30.4
Query_1	sp|Q7TU90|TRPD_PROMP	52.174	23	11	0	61883	61905	262	284	5.3	32.3
Query_1	tr|Q7V1V3|Q7V1V3_PROMP	57.143	28	8	1	37891	37918	163	186	5.3	32.0
Query_1	tr|Q7V321|Q7V321_PROMP	53.333	30	13	1	74662	74691	277	305	5.4	32.3
Query_1	tr|Q7UZS6|Q7UZS6_PROMP	30.159	63	41	2	66978	67037	179	241	5.4	32.3
Query_1	tr|Q7V112|Q7V112_PROMP	51.852	27	11	1	8238	8264	67	91	5.5	31.6
Query_1	tr|Q7V112|Q7V112_PROMP	27.536	69	42	2	28420	28484	17	81	8.9	30.8
Query_1	tr|Q7UZM4|Q7UZM4_PROMP	48.649	37	19	0	33214	33250	368	404	5.5	32.3
Query_1	tr|Q7V3H0|Q7V3H0_PROMP	61.905	21	8	0	59278	59298	75	95	5.6	31.6
Query_1	tr|Q7V288|Q7V288_PROMP	25.714	70	52	0	17285	17354	201	270	5.6	32.0
Query_1	tr|Q7V3H5|Q7V3H5_PROMP	36.170	94	45	6	76120	76212	82	161	5.7	32.3
Query_1	tr|Q7V0L3|Q7V0L3_PROMP	86.667	15	2	0	35041	35055	266	280	5.8	32.0
Query_1	tr|Q7V2B2|Q7V2B2_PROMP	32.812	64	35	3	25239	25297	115	175	5.8	32.0
Query_1	tr|Q7V2B2|Q7V2B2_PROMP	65.385	26	8	1	26420	26445	274	298	7.5	31.6
Query_1	tr|Q7TUD2|Q7TUD2_PROMP	84.615	13	2	0	6307	6319	196	208	5.9	32.0
Query_1	tr|Q7V208|Q7V208_PROMP	42.105	38	22	0	12680	12717	343	380	6.1	32.0
Query_1	sp|Q7TU29|RL14_PROMP	66.667	18	6	0	1452	1469	74	91	6.1	30.4
Query_1	tr|Q7TU49|Q7TU49_PROMP	71.429	14	4	0	46723	46736	60	73	6.2	30.0
Query_1	tr|Q7V267|Q7V267_PROMP	44.444	45	22	1	68220	68261	553	597	6.3	32.3
Query_1	sp|Q7V1T1|ILVD_PROMP	63.636	22	7	1	31551	31572	299	319	6.3	32.3
Query_1	sp|Q7UZJ9|THIG_PROMP	54.839	31	12	1	77446	77476	133	161	6.4	31.6
Query_1	tr|Q7V2T8|Q7V2T8_PROMP	36.364	55	27	2	69205	69259	4	50	6.4	30.4
Query_1	tr|Q7V1S7|Q7V1S7_PROMP	42.857	35	20	0	45114	45148	4	38	6.4	32.0
Query_1	tr|Q7V2J2|Q7V2J2_PROMP	75.000	16	4	0	69128	69143	22	37	6.5	32.0
Query_1	tr|Q7V2J7|Q7V2J7_PROMP	56.667	30	13	0	25789	25818	328	357	6.5	32.0
Query_1	sp|Q7V2J5|Y481_PROMP	31.707	82	54	1	8133	8212	78	159	6.5	31.2
Query_1	tr|Q7V0S6|Q7V0S6_PROMP	54.054	37	13	2	66069	66102	195	230	6.7	32.0
Query_1	tr|Q7V1Q9|Q7V1Q9_PROMP	85.714	14	2	0	51565	51578	19	32	6.7	32.0
Query_1	sp|Q7V1R9|LEU3_PROMP	61.538	26	10	0	71453	71478	97	122	6.8	32.0
Query_1	tr|Q7V2M0|Q7V2M0_PROMP	56.000	25	10	1	35768	35791	48	72	6.9	31.6
Query_1	tr|Q7UZY9|Q7UZY9_PROMP	25.000	52	39	0	37122	37173	32	83	7.0	31.6
Query_1	tr|Q7V317|Q7V317_PROMP	86.667	15	2	0	24185	24199	463	477	7.0	32.0
Query_1	sp|Q7V034|ATPX_PROMP	86.667	15	2	0	77877	77891	88	102	7.0	30.8
Query_1	sp|Q7V034|ATPX_PROMP	86.667	15	2	0	1029	1043	135	149	7.7	30.8
Query_1	sp|Q7V034|ATPX_PROMP	48.571	35	17	1	29232	29266	50	83	9.5	30.4
Query_1	tr|Q7V0P8|Q7V0P8_PROMP	92.308	13	1	0	34869	34881	285	297	7.4	32.0
Query_1	tr|A8WIJ8|A8WIJ8_PROMP	63.158	19	7	0	31797	31815	2	20	7.4	28.5
Query_1	sp|Q7V382|RL1_PROMP	50.000	28	12	1	29863	29890	28	53	7.5	31.6
Query_1	tr|Q7V3Q1|Q7V3Q1_PROMP	20.588	102	78	2	18372	18472	47	146	7.5	31.6
Query_1	sp|Q7V0F1|CLPP2_PROMP	86.667	15	2	0	45128	45142	171	185	7.6	31.2
Query_1	sp|Q7V0A5|MURD_PROMP	25.000	104	66	3	36572	36663	232	335	7.7	32.0
Query_1	sp|Q7UZL7|RISB_PROMP	92.857	14	1	0	42003	42016	2	15	7.7	30.8
Query_1	sp|Q7UZL7|RISB_PROMP	92.857	14	1	0	62147	62160	2	15	7.7	30.8
Query_1	tr|Q7V3D0|Q7V3D0_PROMP	41.463	41	24	0	38364	38404	110	150	7.7	31.2
Query_1	tr|Q7UZQ4|Q7UZQ4_PROMP	50.000	24	12	0	54947	54970	28	51	7.8	28.9
Query_1	tr|Q7TU17|Q7TU17_PROMP	28.431	102	61	4	15605	15699	288	384	7.8	32.0
Query_1	tr|Q7V0W9|Q7V0W9_PROMP	85.714	14	2	0	6596	6609	24	37	7.8	29.3
Query_1	tr|Q7V0W9|Q7V0W9_PROMP	68.421	19	6	0	69216	69234	8	26	9.8	29.3
Query_1	tr|Q7TU63|Q7TU63_PROMP	53.571	28	13	0	8788	8815	121	148	7.8	31.6
Query_1	sp|Q7V352|SYI_PROMP	43.750	32	17	1	2516	2546	14	45	8.0	32.0
Query_1	tr|Q7V3C5|Q7V3C5_PROMP	76.471	17	4	0	41529	41545	84	100	8.0	31.6
Query_1	tr|Q7V210|Q7V210_PROMP	32.231	121	55	6	6984	7091	62	168	8.1	31.6
Query_1	sp|Q7V2R1|RS4_PROMP	84.615	13	2	0	41919	41931	97	109	8.2	31.2
Query_1	sp|Q7V3R5|PURL_PROMP	37.288	59	36	1	6594	6652	371	428	8.2	32.0
Query_1	tr|Q7V2I0|Q7V2I0_PROMP	93.333	15	1	0	42244	42258	325	339	8.2	31.6
Query_1	sp|Q7V1I1|G6PI_PROMP	63.158	19	5	1	17457	17475	10	26	8.4	32.0
Query_1	tr|Q7TUC2|Q7TUC2_PROMP	78.571	14	3	0	25546	25559	50	63	8.5	30.4
Query_1	tr|Q7V1S3|Q7V1S3_PROMP	36.538	52	28	1	70064	70115	65	111	8.5	31.6
Query_1	tr|Q7V103|Q7V103_PROMP	65.217	23	8	0	55192	55214	100	122	8.5	31.6
Query_1	sp|Q7V2M7|COXX_PROMP	86.667	15	2	0	70903	70917	1	15	8.6	31.6
Query_1	tr|Q7V1U3|Q7V1U3_PROMP	59.091	22	9	0	57421	57442	372	393	8.7	32.0
Query_1	tr|A8WIG7|A8WIG7_PROMP	85.714	14	2	0	35465	35478	12	25	8.7	28.1
Query_1	sp|Q7V2S2|SEPF_PROMP	85.714	14	2	0	52639	52652	84	97	8.8	30.8
Query_1	sp|Q7V349|GLMM_PROMP	84.615	13	2	0	56826	56838	210	222	8.8	31.6
Query_1	tr|Q7V116|Q7V116_PROMP	68.421	19	6	0	35364	35382	37	55	9.1	31.6
Query_1	sp|Q7TU24|IF3_PROMP	86.667	15	2	0	23488	23502	137	151	9.1	30.8
Query_1	tr|Q7V073|Q7V073_PROMP	47.222	36	15	1	18987	19018	57	92	9.3	29.6
Query_1	tr|Q7V1J5|Q7V1J5_PROMP	66.667	18	6	0	27186	27203	1	18	9.3	30.0
Query_1	tr|Q7V0A0|Q7V0A0_PROMP	78.571	14	3	0	68007	68020	99	112	9.5	31.2
Query_1	tr|A8WIE7|A8WIE7_PROMP	100.000	13	0	0	14711	14723	16	28	9.7	28.1
Query_1	tr|Q7V1U6|Q7V1U6_PROMP	42.857	42	24	0	30733	30774	357	398	9.8	31.6
Query_1	sp|Q7V0U6|YCF4_PROMP	38.776	49	29	1	11208	11256	124	171	9.9	30.8
