+57.02
+57.02
+28.03
+.98
+21.98
+53.92
+17.03
+.98
-18.01
+21.98
+.98
+21.98
+57.02
+21.98
+57.02
+28.03
+53.92
+15.99
+53.92
+71.04
-17.03
+57.02
+57.02
-17.03
+37.96
+37.96
+53.92
+53.92
+31.99
sub A
+15.99
+37.96
+37.96
+79.97
+31.99
+.98
-15.01
-15.01
+42.01
+57.02
+37.95
+28.03
+15.99
-17.03
+15.99
sub V
+.98
sub E
+15.99
+41.03
+17.03
+57.02
+15.99
+42.01
+15.99
+53.92
+53.92
+15.99
+71.04
+57.02
+15.99
sub L
+28.03
-18.01
+57.02
-18.01
-2.02
+57.02
+15.99
+57.02
+28.03
-17.03
+79.97
+28.03
+28.03
+15.99
+15.99
+15.99
+57.02
+57.02
-18.01
+27.99
-18.01
+42.01
+.98
+57.02
+57.02
+57.02
+58.01
+15.99
sub A
+15.99
+79.97
+.98
+57.02
+57.02
+14.02
+15.99
+14.02
+29.04
+15.99
+15.99
