+57.02
+57.02
+28.03
+21.98
+15.99
+.98
+57.02
-15.99
+21.98
+15.99
+28.03
+14.02
+15.99
+14.02
+14.02
+57.02
+57.02
+15.99
+57.02
+21.98
+57.02
+57.02
+57.02
-17.03
+21.98
+15.99
+15.99
+15.99
+21.98
+15.99
+15.99
+37.95
-15.99
+21.98
-17.03
-17.03
+57.02
+57.02
+57.02
+57.02
+15.99
+37.95
+57.02
+57.02
+.98
+28.03
+15.99
+57.02
+21.98
+15.99
+21.98
+42.01
+21.98
+42.01
+42.01
+21.98
+57.02
+57.02
+.98
+15.99
+15.99
+42.01
+42.01
+28.03
+15.99
+57.02
+57.02
+57.02
+57.02
+57.02
+57.02
+15.99
+15.99
+15.99
+28.03
+57.02
sub A
-17.03
+57.02
+14.02
-17.03
+.98
+.98
+15.99
+15.99
+57.02
sub Q
+57.02
+57.02
+15.99
+15.99
+71.04
+57.02
+57.02
+55.92
+57.02
-17.03
+30.01
+15.99
+.98
+3.99
+15.99
+.98
+15.99
+58.01
+57.02
+21.98
+57.02
+.98
+21.98
+.98
+.98
+57.02
+57.02
+14.02
+57.02
+15.99
+43.01
+57.02
+57.02
+72.02
-18.01
+.98
+.98
+57.02
+15.99
+15.99
+37.95
+37.95
+15.99
+57.02
+57.02
+.98
+57.02
+57.02
+57.02
+15.99
+57.02
+57.02
+57.02
+21.98
+15.99
+42.01
+.98
+15.99
+.98
+57.02
+15.99
+15.99
sub A
+15.99
+37.95
+15.99
sub D
+37.95
sub D
+.98
+.98
+.98
+.98
+37.95
-18.01
+37.96
+37.96
+27.99
-18.01
+15.99
+15.99
+42.01
+15.99
+.98
+21.98
sub G
+43.01
+27.99
+21.98
sub K
+27.99
+57.02
+43.99
+.98
+15.99
+15.99
+21.97
+15.99
+57.02
+57.02
+57.02
+.98
+15.99
+71.04
+57.02
+57.02
+14.02
sub T
+14.02
del Q
+.98
+.98
+42.01
+21.98
+37.95
+57.02
+57.02
+.98
+14.02
sub A
sub K
sub Y
+.98
sub A
sub A
+14.02
+27.99
+57.02
sub A
+21.98
+43.99
+14.02
+57.02
-15.99
+114.04
+57.02
-18.01
-18.01
+31.99
+15.99
-17.03
+15.99
+57.02
+57.02
+28.03
sub I
+.98
+.98
-.98
+15.99
+57.02
+71.04
+57.02
+57.02
-17.03
+57.02
+15.99
sub S
+15.99
+15.99
+27.99
sub N
sub I
+28.03
+15.01
+57.02
+21.98
+15.99
+15.99
+57.02
+42.01
sub G
+15.99
+42.01
+15.99
+15.99
sub L
sub T
+.98
+.98
+57.02
+15.99
+71.04
+57.02
+15.99
-18.01
sub N
+.98
sub S
+57.02
+14.02
+15.99
+57.02
+15.99
sub A
+15.99
+15.99
+.98
+57.02
sub G
+57.02
+57.02
+57.02
sub E
+28.03
+42.01
+57.02
sub S
+14.02
+31.99
+57.02
+57.02
+.98
+42.01
-15.01
+.98
+.98
+27.99
+15.99
sub S
sub I
sub Q
sub S
sub A
sub S
+15.99
+57.02
+.98
+15.99
+42.01
+15.99
+15.99
+.98
+71.04
+28.03
sub K
+27.99
+27.99
+27.99
+57.02
+15.99
+57.02
-48.00
sub A
+.98
+15.99
+15.99
+.98
-17.03
+15.99
+27.99
+100.02
sub S
+.98
+14.02
+57.02
+14.02
+.98
+15.99
+.98
+.98
+15.99
+.98
+57.02
+57.02
+.98
+42.01
-48.00
+43.01
-15.99
-18.01
+27.99
+15.99
+.98
+15.99
sub S
+14.02
+.98
+15.99
+15.99
+.98
sub G
+.98
+57.02
+14.02
+.98
+.98
-18.01
+79.97
+57.02
+57.02
sub K
+.98
+.98
sub S
+15.99
+57.02
+15.99
+15.99
+57.02
+15.99
sub V
+57.02
+14.02
+57.02
+.98
+15.99
+.98
-18.01
+57.02
-18.01
+.98
-15.99
+.98
+57.02
+.98
sub L
sub I
sub I
+15.99
sub K
sub A
sub A
+.98
+21.98
+.98
+31.99
+.98
+57.02
+17.03
+37.95
sub Y
+14.02
sub S
+.98
sub M
+57.02
+53.92
sub M
+14.02
+.98
+57.02
+57.02
+150.04
sub V
+15.99
+79.97
sub Q
sub D
+37.95
+57.02
+57.02
+60.00
+.98
sub M
+57.02
+27.99
+.98
+.98
+15.00
-.98
+119.04
+57.02
+57.02
+57.02
+57.02
+.98
+15.99
sub A
+.98
+28.03
sub A
sub A
+28.03
+27.99
+41.03
+.98
+15.99
-15.99
+15.99
+15.99
+.98
-17.03
+79.96
+14.02
+15.99
+14.02
+15.99
sub V
+.98
+57.02
+27.99
+57.02
+.98
+.98
+57.02
+282.05
+.98
-17.03
+37.96
+57.02
+.98
-.98
+29.02
sub V
+.98
sub S
del N
+43.01
+.98
+.98
+57.02
+.98
+57.02
-.98
+15.99
+15.01
+.98
+.98
+.98
+57.02
+228.11
+.98
sub S
+.98
+.98
+.98
+.98
sub N
sub N
+.98
+.98
+57.02
+57.02
+57.02
+27.99
+.98
sub L
+57.02
sub V
+.98
+.98
+15.99
+37.95
+.98
+57.02
+57.02
+.98
+.98
+.98
+.98
sub G
+.98
+21.98
sub L
+.98
+21.98
+27.99
+57.02
+15.99
+.98
+57.02
+15.99
-15.99
+.98
+15.99
+.98
+57.02
sub I
sub V
+.98
+15.99
+57.02
+57.02
+15.99
sub I
-.98
+72.02
sub D
+15.99
sub G
sub E
-15.99
+31.99
+.98
+27.05
+.98
+57.02
+57.02
+.98
+57.02
+15.99
sub D
+15.99
+15.99
+15.99
+57.02
+15.99
-18.01
+57.02
+57.02
sub T
+.98
+15.99
+29.02
+57.02
-17.03
+.98
+.98
+57.02
+57.02
+15.99
sub M
+.98
+.98
+.98
+15.99
+15.99
+.98
+.98
+57.02
+.98
+57.02
+.98
+43.01
+.98
+.98
+.98
+15.99
+.98
sub V
+87.03
+27.99
